rows=8433
cols=3180
(0, 436, -862)
(0, 23, -1000)
(0, 1564, -767)
(0, 1362, -788)
(0, 592, -673)
(0, 1134, -890)
(0, 563, -203)
(0, 78, 1000)
(0, 172, -691)
(0, 1905, -696)
(0, 109, -1002)
(0, 337, -614)
(1, 1187, 586)
(1, 969, -615)
(1, 1049, 217)
(1, 1167, -889)
(1, 867, -973)
(1, 468, 940)
(1, 120, -569)
(1, 846, -636)
(1, 1381, -137)
(1, 2582, -1014)
(1, 1904, -549)
(1, 1803, -639)
(1, 2036, 424)
(1, 316, -1011)
(1, 993, -358)
(1, 1499, -734)
(1, 2682, 977)
(1, 1268, -914)
(1, 2872, -640)
(1, 1086, 822)
(1, 1459, -516)
(1, 2198, -626)
(1, 2948, 795)
(1, 2564, -533)
(1, 2535, -750)
(1, 2875, -758)
(1, 1451, -737)
(1, 797, -316)
(1, 1419, -512)
(1, 2567, -691)
(1, 879, -561)
(1, 1178, -536)
(1, 1553, -610)
(1, 769, -720)
(1, 1321, -303)
(1, 213, 316)
(1, 1406, 228)
(1, 55, -726)
(1, 3177, -785)
(1, 2520, -473)
(1, 215, -866)
(1, 1398, 684)
(1, 96, 311)
(1, 2598, -650)
(1, 1583, -304)
(1, 1640, -831)
(1, 367, -901)
(1, 1468, -1020)
(1, 1648, -981)
(1, 1788, 939)
(1, 538, 744)
(1, 2796, 519)
(1, 27, -864)
(1, 1244, 320)
(1, 1531, -944)
(1, 568, 111)
(1, 232, -919)
(1, 152, -532)
(1, 781, -1013)
(1, 395, -186)
(1, 2692, -595)
(1, 888, -702)
(1, 2379, 749)
(1, 1535, 352)
(1, 1492, -741)
(1, 788, -909)
(1, 1238, -829)
(1, 458, -853)
(1, 788, -661)
(1, 964, -508)
(1, 139, -485)
(1, 1634, -773)
(1, 980, -534)
(1, 898, 438)
(1, 892, -470)
(1, 552, -587)
(1, 1503, -651)
(1, 2785, -948)
(1, 2018, -172)
(1, 2837, -802)
(1, 1176, -347)
(2, 938, -762)
(2, 1061, 545)
(2, 1119, -744)
(2, 364, 561)
(2, 990, -728)
(2, 15, 275)
(2, 568, 727)
(2, 3053, -795)
(2, 969, -895)
(2, 1526, -515)
(2, 583, 809)
(2, 655, -799)
(2, 3023, 34)
(2, 273, -241)
(2, 2363, -208)
(2, 1889, -726)
(2, 494, -648)
(2, 571, 405)
(2, 2337, -876)
(2, 1359, -886)
(2, 894, -460)
(2, 1026, 733)
(2, 459, -887)
(2, 1, -843)
(2, 967, 801)
(2, 1200, -967)
(2, 1424, -944)
(2, 889, -531)
(2, 516, 726)
(2, 1754, -630)
(2, 1482, -805)
(2, 1315, -647)
(2, 1202, -662)
(2, 1904, -768)
(2, 1320, -700)
(2, 223, -924)
(3, 739, -954)
(3, 2075, -851)
(3, 1547, -304)
(3, 1128, -988)
(3, 1947, 203)
(3, 2924, -679)
(3, 669, 264)
(3, 1334, 510)
(3, 331, -169)
(3, 1013, -1011)
(3, 326, 985)
(3, 2418, -772)
(3, 219, 397)
(3, 995, -850)
(3, 590, -511)
(3, 2860, -542)
(3, 1499, -653)
(3, 283, -904)
(3, 1370, -782)
(3, 3158, -908)
(3, 1028, -863)
(3, 1381, -747)
(3, 3179, 57)
(3, 1286, 941)
(3, 13, -392)
(3, 216, -572)
(3, 1323, -578)
(3, 876, -1014)
(3, 893, -515)
(3, 1067, -776)
(3, 17, -644)
(3, 1054, -592)
(3, 1390, 462)
(3, 957, -992)
(3, 2338, 207)
(3, 1277, -574)
(3, 619, 429)
(3, 1153, -601)
(3, 965, 933)
(3, 2423, -622)
(3, 1342, 526)
(3, 1436, -23)
(3, 365, -653)
(3, 792, -326)
(3, 988, -120)
(3, 1073, -516)
(3, 3121, 508)
(3, 149, -784)
(3, 1303, -984)
(3, 199, 775)
(3, 963, -349)
(3, 30, 393)
(3, 1362, -638)
(3, 1126, -87)
(3, 266, -601)
(3, 387, -723)
(3, 1259, -702)
(3, 161, -811)
(3, 263, -540)
(3, 447, -578)
(3, 1334, 351)
(3, 1141, -693)
(3, 83, -729)
(3, 3141, 678)
(3, 2369, 713)
(3, 139, 502)
(3, 1231, -647)
(3, 167, -925)
(3, 523, -797)
(3, 1660, 485)
(3, 1466, -996)
(3, 428, -631)
(4, 1965, 495)
(4, 563, 49)
(4, 1290, 62)
(4, 720, 823)
(4, 1932, -625)
(4, 354, 764)
(4, 892, -146)
(4, 2761, 79)
(4, 1389, -816)
(4, 88, 343)
(4, 46, 391)
(4, 529, -767)
(4, 631, -911)
(4, 669, -1001)
(4, 651, 975)
(4, 832, -916)
(4, 1698, -857)
(4, 1475, -61)
(4, 1489, -580)
(4, 170, 417)
(4, 726, -179)
(4, 900, -896)
(4, 2764, 167)
(4, 438, -733)
(4, 1310, -633)
(4, 1643, 412)
(4, 2876, 772)
(4, 279, -629)
(4, 2284, -945)
(4, 2900, -281)
(4, 1222, -926)
(4, 814, -803)
(4, 824, -808)
(4, 1314, -421)
(4, 831, -662)
(4, 103, -590)
(4, 685, -519)
(4, 1983, -863)
(4, 3179, 510)
(4, 462, -88)
(4, 1239, -968)
(4, 1175, -146)
(4, 384, -517)
(4, 1087, 355)
(4, 1082, -682)
(4, 184, -110)
(4, 2428, -652)
(4, 964, 188)
(4, 1163, -517)
(4, 416, 535)
(4, 1521, -241)
(4, 2298, -374)
(4, 416, -777)
(4, 1354, -868)
(4, 1575, -992)
(4, 1272, -885)
(4, 388, -537)
(4, 428, -1000)
(4, 90, -555)
(4, 1584, -773)
(4, 195, -740)
(4, 1197, 329)
(4, 3076, -964)
(4, 1512, 579)
(4, 1573, -933)
(4, 694, -565)
(4, 434, -764)
(4, 600, -842)
(4, 3135, 1003)
(4, 388, -633)
(4, 937, -686)
(4, 276, 46)
(4, 56, -724)
(4, 1306, -215)
(4, 2203, -768)
(4, 795, -975)
(4, 993, -781)
(4, 814, 156)
(4, 1652, -663)
(4, 1983, 115)
(4, 1211, -229)
(4, 801, -722)
(4, 1807, -712)
(4, 1257, -657)
(4, 1452, 569)
(4, 3063, 587)
(4, 452, 337)
(4, 2124, -510)
(4, 1449, -255)
(4, 2264, 1017)
(4, 2198, -648)
(4, 925, -671)
(4, 996, -957)
(4, 2571, -724)
(4, 788, -676)
(4, 710, 484)
(4, 835, 921)
(4, 2690, -563)
(4, 698, -694)
(4, 2177, -202)
(4, 775, -836)
(4, 493, 1004)
(4, 433, -862)
(4, 2095, -785)
(4, 1469, -628)
(4, 1411, -983)
(4, 1097, -436)
(4, 1059, -737)
(4, 1373, -720)
(4, 802, 380)
(4, 811, 711)
(4, 1722, -609)
(4, 2094, 166)
(4, 950, 642)
(4, 2606, -536)
(4, 952, 895)
(4, 3163, -235)
(4, 749, -195)
(4, 2030, -664)
(4, 193, -673)
(4, 3042, -924)
(4, 1430, 180)
(4, 1047, -776)
(4, 1541, 1020)
(4, 1249, 779)
(4, 87, 507)
(4, 1091, -96)
(4, 704, 864)
(4, 934, -585)
(4, 3011, -679)
(4, 1508, -663)
(4, 2277, 522)
(4, 749, -631)
(4, 1324, -598)
(4, 726, -760)
(4, 1332, 1)
(4, 1496, 516)
(4, 1442, -843)
(4, 1532, 443)
(4, 1398, -735)
(4, 55, -662)
(4, 1287, -543)
(4, 1537, 1001)
(4, 101, -998)
(4, 2558, -914)
(4, 2133, -665)
(4, 889, -53)
(4, 296, -782)
(4, 472, -765)
(4, 1280, -849)
(4, 791, -739)
(4, 871, -737)
(4, 31, -671)
(4, 1057, 913)
(4, 55, -845)
(4, 1663, -1002)
(4, 1856, 288)
(4, 1207, -717)
(4, 1519, 71)
(4, 2041, -157)
(4, 2173, 112)
(4, 247, 816)
(4, 140, -555)
(4, 625, 326)
(4, 123, -904)
(4, 1828, -876)
(4, 2244, -705)
(4, 410, -942)
(4, 2766, 66)
(4, 846, 718)
(4, 2124, -378)
(4, 892, -867)
(4, 1249, -722)
(4, 236, 343)
(4, 2168, -722)
(4, 2691, -517)
(5, 2108, -753)
(5, 2755, 864)
(5, 1465, -964)
(5, 399, 148)
(5, 1020, -176)
(5, 1488, -892)
(5, 3070, -629)
(5, 930, -155)
(5, 3028, -942)
(5, 1170, -725)
(5, 262, -763)
(5, 1065, -812)
(5, 2286, 344)
(5, 1195, -889)
(5, 398, -437)
(5, 1182, 673)
(5, 1050, -85)
(5, 1969, -882)
(5, 1235, -586)
(5, 1257, -789)
(5, 594, 918)
(5, 580, -855)
(5, 1294, -689)
(5, 289, 425)
(5, 1522, 989)
(5, 2477, -961)
(5, 331, 464)
(5, 1551, -385)
(5, 612, -900)
(5, 2547, -626)
(5, 3120, -848)
(5, 2007, -856)
(5, 146, -827)
(5, 368, -963)
(5, 3055, -632)
(5, 555, -778)
(5, 1047, -90)
(5, 948, -542)
(5, 1086, -712)
(5, 724, 165)
(5, 1142, -832)
(5, 261, 824)
(5, 578, -636)
(5, 105, -564)
(5, 1143, -802)
(5, 1506, -315)
(5, 575, 465)
(5, 2869, -567)
(5, 641, -691)
(5, 2885, -723)
(5, 630, -567)
(5, 99, -666)
(5, 2258, -876)
(5, 447, -1019)
(5, 1886, -1013)
(5, 2908, -675)
(5, 680, -41)
(5, 295, -149)
(5, 2778, -73)
(5, 799, 380)
(5, 2656, -465)
(5, 1514, -973)
(5, 1181, -667)
(5, 98, -942)
(5, 278, 725)
(5, 1674, -23)
(5, 431, -128)
(5, 1709, -680)
(5, 732, -955)
(5, 770, -649)
(5, 2966, -598)
(5, 130, -725)
(5, 1183, -722)
(5, 2305, -779)
(5, 1369, -566)
(5, 1297, 461)
(5, 65, 650)
(5, 1153, -714)
(5, 1975, -619)
(5, 1953, 472)
(5, 1050, -573)
(5, 993, 973)
(5, 1900, -530)
(5, 919, -869)
(5, 845, -595)
(5, 1056, -559)
(5, 1546, -781)
(5, 921, 721)
(5, 573, 702)
(5, 2279, -989)
(5, 1836, -540)
(5, 1564, -159)
(5, 1192, 250)
(5, 325, 100)
(5, 605, -678)
(5, 1296, 531)
(5, 1246, 510)
(5, 2440, -532)
(5, 5, -986)
(5, 1526, -1000)
(5, 401, -626)
(5, 1620, -305)
(5, 549, -744)
(5, 508, 264)
(5, 369, -541)
(5, 1157, -795)
(5, 2366, -339)
(5, 51, 805)
(5, 853, -689)
(5, 192, -94)
(5, 1501, 608)
(5, 634, -430)
(5, 1743, -675)
(5, 1058, 656)
(5, 1121, 704)
(5, 584, -923)
(5, 1300, -623)
(5, 1363, -922)
(6, 1440, -908)
(6, 2401, -231)
(6, 298, 62)
(6, 874, -979)
(6, 2655, -532)
(6, 303, 465)
(6, 3000, -798)
(6, 1631, 758)
(6, 226, -549)
(6, 266, -910)
(6, 1570, -856)
(6, 953, 21)
(6, 1530, -714)
(6, 815, -1023)
(6, 2635, -539)
(6, 2248, -924)
(6, 1268, -487)
(6, 13, 926)
(6, 893, -607)
(6, 1062, -622)
(6, 473, 40)
(6, 145, -918)
(6, 1072, -777)
(6, 1724, -928)
(6, 491, -577)
(6, 2221, 924)
(6, 793, -955)
(6, 2185, -549)
(6, 156, -790)
(6, 1201, -281)
(6, 1475, -878)
(6, 365, -533)
(6, 1018, -721)
(6, 2670, -739)
(6, 1729, 755)
(6, 198, -572)
(7, 1002, 514)
(7, 1095, 536)
(7, 1322, -863)
(7, 269, -690)
(7, 2384, -957)
(7, 2120, 848)
(7, 268, -287)
(7, 1064, 490)
(7, 102, -426)
(7, 778, 850)
(7, 1115, -1021)
(7, 1207, -770)
(7, 691, -610)
(7, 111, -594)
(7, 2393, -972)
(7, 2335, -1007)
(7, 355, -801)
(7, 858, -829)
(7, 809, -610)
(7, 260, 491)
(7, 1357, -715)
(7, 2838, -768)
(7, 438, 14)
(7, 1478, -632)
(7, 310, 970)
(7, 656, -705)
(7, 255, -569)
(7, 3019, -806)
(7, 2285, -770)
(7, 1213, 41)
(7, 1475, -820)
(7, 1037, -37)
(7, 971, -430)
(7, 227, -2)
(7, 1462, -732)
(7, 978, -548)
(7, 1405, -374)
(7, 1044, -829)
(7, 113, -591)
(7, 2164, -808)
(7, 2425, -566)
(7, 389, 823)
(7, 866, -152)
(7, 1008, -147)
(7, 134, 672)
(7, 1023, -817)
(7, 1050, 638)
(7, 604, -645)
(7, 1995, -578)
(7, 858, -151)
(8, 2122, -824)
(8, 1004, -790)
(8, 2316, 101)
(8, 1005, -974)
(8, 2792, 103)
(8, 261, -426)
(8, 1567, -613)
(8, 1551, -483)
(8, 806, -960)
(8, 91, -584)
(8, 2636, -559)
(8, 190, 516)
(8, 1165, 512)
(8, 1379, 504)
(8, 1576, -544)
(8, 1177, -558)
(8, 2177, 140)
(8, 316, -443)
(8, 1958, -915)
(8, 1943, 281)
(8, 768, -524)
(8, 2632, 865)
(8, 2215, -3)
(8, 837, -624)
(8, 3170, -325)
(8, 890, 258)
(8, 1236, -596)
(8, 1584, -913)
(8, 162, -569)
(8, 2846, -722)
(8, 774, -969)
(8, 2646, -684)
(8, 1523, -1013)
(8, 149, -665)
(8, 1570, -727)
(8, 1275, -822)
(8, 1330, 509)
(8, 580, -742)
(8, 983, 731)
(8, 478, -543)
(8, 1635, 548)
(8, 783, -57)
(8, 677, -868)
(8, 774, 544)
(8, 325, -680)
(8, 47, 616)
(8, 2320, -566)
(8, 1282, -615)
(8, 830, -584)
(8, 2684, 313)
(8, 1148, -788)
(8, 1423, -733)
(8, 1461, -873)
(8, 3172, -730)
(8, 997, 521)
(8, 1475, -27)
(8, 2685, -759)
(8, 1417, -357)
(8, 1618, 208)
(9, 800, -932)
(9, 1143, -914)
(9, 266, 98)
(9, 1041, -749)
(9, 594, 168)
(9, 2321, -275)
(9, 3095, 606)
(9, 1270, -598)
(9, 1318, -832)
(9, 925, -872)
(9, 1376, -945)
(9, 1289, -640)
(9, 751, -349)
(9, 507, -542)
(9, 714, -707)
(9, 2855, 218)
(9, 2127, -964)
(9, 153, 84)
(9, 134, -617)
(9, 39, -440)
(9, 497, -609)
(9, 481, -859)
(9, 550, 815)
(9, 660, -157)
(10, 229, -994)
(10, 1840, -736)
(10, 533, -822)
(10, 1932, -730)
(10, 2900, -160)
(10, 2836, -694)
(10, 2858, -9)
(10, 3054, 690)
(10, 1119, -672)
(10, 852, -932)
(10, 957, -785)
(10, 2119, -999)
(11, 1408, -549)
(11, 425, -821)
(11, 1708, 980)
(11, 999, -715)
(11, 1342, -270)
(11, 1332, 790)
(11, 769, -672)
(11, 798, -811)
(11, 1337, -241)
(11, 132, -700)
(11, 129, -562)
(11, 955, 96)
(11, 805, -844)
(11, 2387, -501)
(11, 2651, -368)
(11, 746, -1002)
(11, 1011, -56)
(11, 1588, -87)
(11, 274, 655)
(11, 588, 892)
(11, 2182, -536)
(11, 1064, -561)
(11, 2639, -1021)
(11, 1177, -337)
(11, 75, -856)
(11, 1442, -702)
(11, 73, -350)
(11, 2183, -237)
(11, 1978, -137)
(11, 2562, -337)
(11, 431, 630)
(11, 967, -984)
(11, 1307, -619)
(11, 338, 889)
(11, 2753, 321)
(11, 1335, -384)
(11, 1468, -829)
(11, 66, -929)
(11, 300, -482)
(11, 757, -580)
(11, 1485, -801)
(11, 3120, -860)
(11, 1362, -891)
(11, 1182, -684)
(11, 2998, 123)
(11, 3007, -898)
(12, 2272, -647)
(12, 1291, -559)
(12, 442, -919)
(12, 738, -853)
(12, 2580, -659)
(12, 771, 49)
(12, 180, -894)
(12, 2941, -985)
(12, 1250, -408)
(12, 1183, -913)
(12, 1585, -537)
(12, 2042, 387)
(12, 488, -767)
(12, 1674, -452)
(12, 1120, 928)
(12, 355, -932)
(13, 2078, -716)
(13, 681, 787)
(13, 1119, -918)
(13, 2375, -631)
(13, 1144, -656)
(13, 850, -563)
(13, 1332, -630)
(13, 3081, -572)
(13, 439, -1010)
(13, 1556, 276)
(13, 280, -1001)
(13, 1562, -718)
(13, 2456, -864)
(13, 927, -1018)
(13, 1944, -572)
(13, 3028, 993)
(13, 1358, 211)
(13, 732, -856)
(13, 3023, -836)
(13, 102, -947)
(13, 2973, -820)
(13, 1437, -892)
(13, 155, -796)
(13, 2270, -622)
(13, 123, -33)
(13, 1403, -984)
(13, 562, -875)
(13, 1425, -926)
(13, 827, 805)
(13, 1579, -666)
(13, 1322, -966)
(13, 7, -998)
(13, 400, -326)
(13, 2072, 412)
(13, 284, -606)
(13, 222, -943)
(13, 354, -643)
(13, 507, -147)
(13, 76, -568)
(13, 2273, 422)
(13, 3037, -802)
(13, 1141, -87)
(13, 585, -619)
(13, 1319, -757)
(13, 1522, -833)
(13, 2619, 561)
(13, 25, -519)
(13, 1707, 786)
(13, 2234, -833)
(13, 3034, -793)
(13, 1140, 116)
(13, 1175, -806)
(13, 2878, -1005)
(13, 1915, -522)
(13, 384, -599)
(13, 1772, -149)
(13, 1345, -997)
(13, 1532, -981)
(13, 456, -573)
(13, 2934, -689)
(13, 728, -880)
(13, 1119, -904)
(13, 671, -992)
(13, 210, -542)
(13, 486, 765)
(13, 2458, 375)
(13, 43, 581)
(13, 933, -908)
(13, 1187, 291)
(13, 274, -912)
(13, 961, -938)
(13, 1271, -667)
(13, 2054, -872)
(13, 906, -593)
(13, 2338, 533)
(13, 3033, -987)
(13, 770, -994)
(13, 442, -849)
(13, 277, -394)
(13, 1153, -827)
(13, 1376, 913)
(13, 40, -765)
(13, 602, -766)
(13, 1483, -735)
(13, 51, 57)
(13, 1102, -850)
(13, 1213, -864)
(13, 1081, -810)
(13, 924, -667)
(13, 1524, -994)
(13, 1217, -934)
(13, 308, -940)
(13, 1176, -853)
(13, 2278, -790)
(13, 930, -896)
(13, 1308, -823)
(13, 3020, -437)
(13, 109, -775)
(13, 3119, -583)
(13, 335, -967)
(13, 1506, 510)
(13, 2127, -992)
(13, 1328, 543)
(13, 2059, 883)
(13, 511, 29)
(13, 727, -1004)
(13, 2052, -217)
(13, 1312, 205)
(13, 141, -680)
(13, 2111, -691)
(13, 1147, 70)
(13, 12, -618)
(13, 658, -474)
(13, 415, -763)
(13, 828, 87)
(13, 725, -856)
(13, 726, -934)
(13, 505, -608)
(13, 981, -725)
(13, 1356, 619)
(13, 379, -1021)
(13, 1390, -995)
(13, 1332, -451)
(13, 198, 445)
(13, 1871, -897)
(13, 107, -560)
(13, 692, -914)
(13, 106, -1007)
(13, 1311, -521)
(13, 2265, -955)
(13, 86, -698)
(13, 1219, -730)
(13, 2027, 310)
(13, 2698, -946)
(13, 159, -752)
(13, 1558, 505)
(13, 240, -969)
(13, 2933, 179)
(13, 724, -980)
(13, 407, -793)
(13, 1147, -893)
(13, 2055, -858)
(13, 1184, -804)
(13, 2159, -687)
(13, 720, 997)
(13, 83, -306)
(13, 459, 655)
(13, 371, -593)
(13, 687, -978)
(13, 181, -997)
(13, 1193, -1015)
(13, 1357, -967)
(13, 2990, -966)
(13, 575, 784)
(13, 1509, -447)
(13, 1159, 490)
(13, 2119, 73)
(13, 821, -973)
(13, 1535, -708)
(13, 1717, 484)
(13, 375, -704)
(13, 1987, -550)
(13, 1473, 464)
(13, 1599, -858)
(13, 462, -425)
(13, 922, -708)
(13, 1340, 594)
(13, 205, 121)
(13, 1054, 640)
(13, 1457, -961)
(13, 1004, -505)
(13, 336, 803)
(13, 783, 992)
(13, 2223, -426)
(13, 1477, -888)
(14, 1621, -1013)
(14, 1078, -589)
(14, 349, -898)
(14, 2410, -775)
(14, 1203, -369)
(14, 454, -766)
(14, 561, 257)
(14, 1159, -858)
(14, 1971, -831)
(14, 1225, -723)
(14, 1197, 508)
(14, 1447, -922)
(14, 1094, -556)
(14, 743, -751)
(14, 838, -1008)
(14, 317, -158)
(14, 193, 167)
(14, 17, 106)
(14, 2806, 852)
(14, 364, 58)
(14, 1400, -693)
(14, 2410, -574)
(14, 687, -737)
(14, 74, -779)
(14, 1118, -138)
(14, 2800, -36)
(14, 1251, 547)
(14, 828, 680)
(14, 1565, 1007)
(14, 226, -181)
(14, 1534, 303)
(14, 50, 489)
(14, 1031, -566)
(14, 3073, 44)
(14, 1076, -442)
(14, 1243, -671)
(14, 2047, -683)
(14, 1813, -552)
(14, 2535, -801)
(14, 1594, -519)
(14, 501, -258)
(14, 8, 651)
(14, 345, -407)
(14, 691, -717)
(14, 226, -669)
(14, 36, -744)
(14, 1410, -1006)
(14, 1409, 133)
(14, 850, -731)
(14, 684, -774)
(14, 300, 72)
(14, 3070, 289)
(14, 2508, 868)
(14, 1098, -565)
(14, 1240, 99)
(14, 528, -778)
(14, 1237, 698)
(14, 977, -590)
(14, 2210, -568)
(14, 1000, -135)
(14, 2851, -527)
(14, 638, -1011)
(14, 929, 726)
(14, 2477, -220)
(14, 114, -806)
(14, 605, -889)
(14, 1507, -944)
(14, 970, -601)
(14, 1045, -975)
(14, 2113, -515)
(14, 544, -648)
(14, 562, 477)
(14, 325, -937)
(14, 95, -35)
(14, 867, -768)
(14, 1167, -260)
(15, 1261, 330)
(15, 2602, -759)
(15, 1319, -853)
(15, 3011, -713)
(15, 7, 16)
(15, 824, -691)
(15, 1306, -806)
(15, 978, 472)
(15, 1569, -121)
(15, 1057, 597)
(15, 181, -850)
(15, 629, -528)
(15, 591, -681)
(15, 312, -920)
(15, 2496, -972)
(15, 2584, 839)
(15, 1457, -697)
(15, 3116, -412)
(15, 2614, -940)
(15, 1180, 487)
(15, 213, 360)
(15, 1289, -562)
(15, 355, -545)
(15, 2303, -405)
(15, 629, -1009)
(15, 1325, -861)
(15, 398, -895)
(15, 240, -673)
(15, 1790, -804)
(15, 1572, -100)
(15, 3164, -21)
(15, 1087, -1000)
(15, 970, -941)
(15, 740, -632)
(15, 375, -365)
(15, 2325, 455)
(15, 1001, -844)
(15, 1490, -703)
(15, 820, -737)
(15, 535, -958)
(15, 414, -810)
(15, 2476, 313)
(15, 652, -103)
(15, 1150, -871)
(15, 381, -939)
(15, 2082, -367)
(15, 2208, -1011)
(15, 2724, -519)
(15, 938, -962)
(15, 197, -928)
(15, 167, -552)
(15, 1355, -797)
(15, 61, -875)
(15, 1546, 387)
(15, 991, -202)
(15, 1548, 931)
(15, 1025, 747)
(16, 285, -115)
(16, 2224, -1008)
(16, 244, -665)
(16, 1832, -522)
(16, 977, -737)
(16, 929, -963)
(16, 338, 94)
(16, 584, -548)
(16, 622, -937)
(16, 734, 792)
(16, 310, -853)
(16, 1308, -544)
(16, 2981, -745)
(16, 1302, -579)
(16, 1860, -918)
(16, 217, 215)
(17, 315, -612)
(17, 2348, -367)
(17, 2907, -922)
(17, 791, 377)
(17, 778, -957)
(17, 1120, 590)
(17, 2674, -252)
(17, 3159, -745)
(17, 1016, 627)
(17, 1129, -321)
(17, 2663, 521)
(17, 1112, 112)
(17, 1383, -656)
(17, 1347, 468)
(17, 837, -711)
(17, 1200, -236)
(17, 2808, 755)
(17, 1304, -621)
(17, 291, 105)
(17, 123, -671)
(17, 996, -832)
(17, 1532, -211)
(17, 1845, -592)
(17, 1110, -591)
(17, 906, -692)
(17, 1143, -635)
(17, 2441, -872)
(17, 1168, -565)
(17, 227, -592)
(17, 346, -881)
(17, 1580, -697)
(17, 592, -695)
(17, 1518, -89)
(17, 1043, -687)
(17, 2149, 27)
(17, 1244, -559)
(17, 355, -998)
(17, 1107, 966)
(17, 2943, -507)
(17, 1023, -963)
(17, 1468, -770)
(17, 1645, -674)
(17, 2068, -723)
(17, 703, -709)
(17, 1021, -806)
(17, 1675, 487)
(17, 2662, -941)
(17, 2503, -819)
(17, 3045, 566)
(17, 935, -358)
(17, 718, -906)
(18, 937, -452)
(18, 223, -870)
(18, 253, -941)
(18, 203, -377)
(18, 1344, 163)
(18, 3057, -847)
(18, 2190, -864)
(18, 687, -834)
(18, 1048, -767)
(18, 667, -149)
(18, 253, -629)
(18, 996, -514)
(18, 1119, 426)
(18, 593, -175)
(18, 1482, -607)
(18, 1305, -705)
(18, 959, 954)
(18, 571, -1010)
(18, 1422, -778)
(18, 1446, -861)
(18, 814, -1009)
(18, 486, -884)
(18, 2761, -690)
(18, 767, 612)
(18, 788, -962)
(18, 554, 613)
(18, 214, -859)
(19, 487, -506)
(19, 896, -546)
(19, 2581, 154)
(19, 409, -874)
(19, 478, -784)
(19, 64, -895)
(19, 1698, -701)
(19, 2190, -664)
(19, 1957, -694)
(19, 221, -478)
(19, 37, -689)
(19, 415, -572)
(19, 759, -403)
(19, 855, -535)
(19, 1239, 784)
(19, 454, 447)
(19, 1346, -703)
(19, 476, 680)
(19, 2424, -647)
(19, 57, 144)
(19, 465, 970)
(19, 590, -536)
(19, 438, -789)
(19, 2453, -573)
(19, 1346, -795)
(19, 21, -801)
(19, 656, -772)
(19, 728, -653)
(19, 1401, -721)
(19, 632, -1019)
(19, 2504, -780)
(19, 1149, 683)
(19, 2599, 436)
(19, 2118, -936)
(19, 946, -965)
(19, 2034, -1018)
(19, 1531, -608)
(19, 1481, 281)
(19, 1485, -632)
(19, 1233, -844)
(19, 1172, -942)
(19, 144, -885)
(19, 645, -946)
(19, 651, -49)
(19, 1358, -90)
(19, 1206, 165)
(19, 1412, -574)
(19, 2313, -784)
(19, 1519, -371)
(19, 2256, -611)
(19, 1426, 368)
(19, 15, -757)
(19, 786, 426)
(19, 608, 118)
(19, 75, -835)
(19, 677, -550)
(19, 2864, -797)
(19, 1428, -1001)
(19, 2196, 154)
(19, 319, -815)
(19, 70, 167)
(19, 1813, 619)
(19, 1149, -144)
(19, 2898, -948)
(19, 1537, -669)
(19, 71, -407)
(19, 192, -326)
(19, 577, -381)
(19, 614, -122)
(19, 1214, -988)
(19, 66, -829)
(19, 2725, -983)
(19, 2619, 579)
(19, 390, -676)
(19, 318, -553)
(19, 245, -386)
(19, 1040, -705)
(19, 973, -662)
(19, 1273, -658)
(19, 581, 867)
(19, 841, -171)
(19, 827, -932)
(19, 1923, -967)
(19, 2769, 157)
(19, 94, -851)
(19, 3064, -679)
(19, 825, 195)
(19, 1153, -571)
(19, 1571, -736)
(19, 379, -996)
(19, 726, -724)
(19, 387, -666)
(19, 1156, 6)
(19, 740, -716)
(19, 230, 708)
(19, 1060, -779)
(19, 1229, -768)
(19, 1434, -733)
(19, 64, 202)
(19, 3176, -807)
(19, 2991, 384)
(19, 2089, -566)
(19, 1100, -271)
(19, 812, -939)
(19, 2649, 862)
(19, 1411, -84)
(19, 3111, 83)
(19, 1443, -691)
(19, 869, 996)
(19, 3149, -618)
(19, 241, -398)
(19, 1100, 745)
(19, 874, -711)
(19, 188, -945)
(19, 251, -706)
(19, 784, -989)
(19, 1190, -908)
(19, 1911, -301)
(19, 1221, -773)
(19, 2560, -830)
(19, 2092, -812)
(19, 207, -967)
(19, 79, -706)
(19, 495, -663)
(19, 1136, -691)
(19, 1035, -920)
(19, 1266, -901)
(19, 1436, 1016)
(19, 611, -729)
(19, 173, 53)
(19, 998, -543)
(19, 2053, -803)
(19, 2838, -610)
(19, 245, -607)
(19, 815, -223)
(19, 3046, -350)
(20, 1503, -514)
(20, 810, -643)
(20, 770, -118)
(20, 948, -188)
(20, 399, 589)
(20, 420, -634)
(20, 596, -691)
(20, 2142, 253)
(20, 1475, -956)
(20, 1767, -878)
(20, 1465, 451)
(20, 923, -951)
(20, 825, -551)
(20, 81, 653)
(20, 2335, 935)
(20, 70, -865)
(21, 698, -1021)
(21, 806, -797)
(21, 2273, -786)
(21, 1499, -780)
(21, 685, -631)
(21, 1440, -850)
(21, 1448, -691)
(21, 462, -588)
(21, 14, -839)
(21, 473, -920)
(21, 1146, -999)
(21, 1032, -1023)
(21, 1075, 135)
(21, 1063, 269)
(21, 1535, -743)
(21, 1041, -863)
(21, 547, 788)
(21, 1251, 506)
(21, 1109, -833)
(22, 772, -678)
(22, 701, -658)
(22, 2942, 647)
(22, 2444, -512)
(22, 558, -729)
(22, 812, -981)
(22, 1431, -258)
(22, 1040, -698)
(22, 435, -719)
(22, 779, 613)
(22, 1016, -886)
(22, 714, -368)
(22, 1118, -925)
(22, 1074, -879)
(22, 526, -851)
(22, 1254, -568)
(22, 829, 491)
(23, 1541, 316)
(23, 1393, -677)
(23, 464, -698)
(23, 1071, 986)
(23, 1041, -753)
(23, 1255, 183)
(23, 2591, 71)
(23, 1042, -914)
(23, 361, -619)
(23, 1396, 99)
(23, 306, -980)
(23, 375, -241)
(23, 873, -692)
(23, 2442, -804)
(23, 393, 187)
(23, 2559, -535)
(23, 1143, -800)
(23, 1115, -844)
(23, 2122, -836)
(23, 2829, 293)
(23, 130, -262)
(23, 285, -792)
(23, 44, -787)
(23, 742, -898)
(23, 1190, -753)
(23, 183, -494)
(23, 81, -608)
(23, 2446, -530)
(23, 975, -630)
(23, 2066, -246)
(23, 856, -664)
(23, 1112, -976)
(23, 2527, -1008)
(23, 590, 980)
(23, 2272, -961)
(23, 953, -667)
(23, 3044, 199)
(23, 45, -934)
(23, 1125, -727)
(23, 2722, -530)
(23, 1006, -607)
(23, 1376, 955)
(23, 450, -813)
(23, 939, 329)
(23, 464, -1014)
(23, 753, -44)
(23, 3107, -782)
(23, 876, -195)
(23, 2962, 700)
(23, 1328, -758)
(23, 831, -598)
(23, 2304, 492)
(23, 1327, 278)
(23, 384, -871)
(23, 1013, -879)
(23, 695, -214)
(23, 924, -972)
(23, 1120, -924)
(23, 3128, -566)
(23, 877, -797)
(23, 1061, -749)
(23, 119, -997)
(23, 1762, -139)
(23, 815, -704)
(23, 3122, -751)
(23, 285, -894)
(23, 1209, 535)
(23, 2615, 562)
(23, 1897, -868)
(25, 1254, -851)
(25, 609, -777)
(25, 1452, -176)
(25, 1921, 629)
(25, 522, -967)
(25, 81, 650)
(25, 74, 331)
(25, 1328, -760)
(25, 1573, 981)
(25, 1539, -911)
(25, 2689, -294)
(25, 2627, -777)
(25, 1050, 467)
(25, 49, 195)
(25, 693, -752)
(25, 1074, -660)
(25, 972, -722)
(25, 2937, -738)
(25, 583, -201)
(25, 1387, 129)
(25, 878, -317)
(25, 1905, -625)
(25, 308, -680)
(25, 1650, -906)
(25, 739, -553)
(25, 371, -561)
(26, 1306, 345)
(26, 475, -695)
(26, 590, -978)
(26, 632, -388)
(26, 1410, -598)
(26, 1557, 120)
(26, 854, -291)
(26, 1472, -797)
(26, 1009, -902)
(26, 2744, -292)
(26, 923, -528)
(26, 1112, -556)
(26, 1784, 735)
(26, 2188, -206)
(26, 2432, -684)
(26, 966, -890)
(26, 1373, -887)
(26, 199, -578)
(26, 1583, -756)
(26, 1540, 441)
(26, 173, -33)
(26, 2367, 837)
(26, 2699, -240)
(26, 1025, -931)
(26, 110, -950)
(26, 1374, -993)
(26, 763, -632)
(26, 571, 645)
(26, 393, 375)
(26, 2020, 727)
(26, 553, 605)
(26, 450, -539)
(26, 2197, -544)
(26, 1249, -800)
(26, 1042, -892)
(26, 262, -576)
(26, 6, -531)
(26, 2355, -952)
(26, 85, -620)
(26, 451, -1010)
(26, 1035, -898)
(26, 2665, -719)
(26, 843, -666)
(26, 545, -584)
(26, 1372, 731)
(26, 579, 763)
(26, 2100, -994)
(26, 1307, -330)
(26, 722, -528)
(26, 784, 479)
(26, 739, -716)
(26, 833, -699)
(26, 1166, -937)
(26, 3018, -1021)
(26, 1996, -78)
(26, 1465, 305)
(26, 1100, -633)
(26, 847, -558)
(26, 2741, -495)
(26, 1346, -175)
(26, 885, -918)
(26, 644, -948)
(26, 1175, -800)
(26, 1096, -670)
(26, 945, -674)
(26, 1391, 971)
(26, 500, -891)
(26, 1083, -732)
(26, 510, -634)
(26, 2274, -944)
(26, 1339, -547)
(26, 775, 578)
(26, 102, 578)
(26, 44, -1008)
(26, 323, -810)
(26, 159, -919)
(26, 303, -704)
(26, 1379, -890)
(26, 895, -391)
(26, 1293, -469)
(26, 1527, 122)
(26, 1141, -812)
(26, 94, -839)
(26, 3019, -963)
(26, 741, -864)
(26, 2410, -966)
(26, 1523, -787)
(26, 661, -531)
(26, 2365, 361)
(26, 1988, 91)
(26, 2255, -1013)
(26, 1793, 219)
(26, 951, -624)
(26, 309, -749)
(26, 95, -708)
(26, 1085, -662)
(26, 242, 311)
(26, 104, 543)
(26, 1374, -708)
(26, 2365, -316)
(26, 2864, -809)
(26, 693, -625)
(26, 762, -1007)
(26, 1293, -517)
(26, 117, -110)
(26, 1304, -741)
(26, 2176, 978)
(26, 784, -532)
(26, 1563, -264)
(26, 2860, 285)
(26, 1094, 283)
(26, 353, -782)
(26, 887, 168)
(26, 982, -821)
(26, 1317, -743)
(26, 1531, -932)
(26, 1492, -899)
(26, 1503, -350)
(26, 552, -608)
(26, 1935, -753)
(26, 69, -648)
(26, 733, 37)
(26, 843, -834)
(26, 353, -579)
(26, 705, 228)
(26, 1246, -925)
(26, 2191, -702)
(26, 1040, -213)
(26, 543, -528)
(26, 3103, 431)
(26, 604, -692)
(26, 1416, -543)
(26, 593, 422)
(26, 2592, 902)
(26, 1818, -453)
(26, 1498, -833)
(26, 2656, 863)
(26, 1241, -281)
(26, 904, 443)
(26, 1858, -560)
(26, 837, -56)
(26, 56, -810)
(26, 1558, 101)
(26, 1177, -222)
(26, 204, -637)
(26, 1198, -656)
(26, 1293, -195)
(26, 783, -940)
(26, 156, 84)
(26, 1842, -634)
(26, 1479, -69)
(26, 622, -585)
(26, 383, 624)
(26, 1649, -959)
(26, 2180, 687)
(27, 2242, -1013)
(27, 1721, -641)
(27, 2824, -966)
(27, 490, 16)
(27, 1363, -427)
(27, 96, -837)
(27, 124, 20)
(27, 949, -952)
(27, 2650, -769)
(27, 1336, -929)
(27, 1703, -577)
(27, 2991, -847)
(27, 386, -528)
(27, 3071, -732)
(27, 784, -653)
(27, 2149, -676)
(27, 397, -327)
(27, 1923, -1019)
(27, 137, -151)
(27, 145, -525)
(27, 343, -605)
(27, 2691, -310)
(27, 2870, 827)
(27, 1669, 1023)
(27, 296, 547)
(27, 1168, -818)
(27, 1908, 73)
(27, 1232, 1002)
(27, 340, -727)
(27, 1466, -532)
(27, 2952, 563)
(27, 1008, -260)
(27, 2536, 388)
(27, 1403, -822)
(27, 637, -624)
(27, 923, -918)
(27, 1511, -579)
(27, 3104, -770)
(27, 986, -130)
(27, 818, -759)
(27, 14, 567)
(27, 1463, 337)
(27, 3162, -865)
(27, 1136, -775)
(27, 958, -967)
(27, 3052, 373)
(27, 764, -594)
(27, 401, -713)
(27, 1225, -1015)
(27, 1127, -410)
(27, 2687, -796)
(27, 2812, -689)
(27, 1526, -534)
(27, 849, -758)
(27, 1050, -910)
(27, 851, -971)
(27, 1377, -578)
(27, 1258, -57)
(27, 1313, -735)
(27, 1476, -674)
(27, 1376, -611)
(27, 1380, -873)
(27, 1001, 933)
(27, 2610, -89)
(27, 2054, -969)
(27, 2296, -935)
(27, 1374, -810)
(27, 2651, -842)
(27, 2555, -754)
(27, 912, -914)
(27, 1527, -991)
(27, 2162, -805)
(27, 2495, -314)
(27, 2882, 872)
(27, 699, -754)
(27, 1173, -895)
(27, 1443, -459)
(27, 1394, -926)
(27, 2019, 428)
(27, 779, -885)
(27, 1455, -696)
(27, 469, -377)
(27, 194, -138)
(27, 4, -764)
(27, 1482, 709)
(27, 2201, -748)
(27, 1096, 344)
(27, 2001, -593)
(27, 1040, -621)
(27, 43, -854)
(27, 131, 118)
(27, 516, 204)
(27, 2349, -577)
(27, 922, -931)
(27, 1076, -422)
(27, 852, -696)
(27, 1488, -332)
(27, 2556, 789)
(27, 1061, -196)
(27, 3175, -939)
(27, 645, 28)
(27, 2612, 106)
(27, 103, -801)
(27, 1795, -891)
(27, 636, -795)
(27, 2260, -960)
(27, 822, -626)
(27, 176, 965)
(27, 969, 894)
(27, 1225, 165)
(27, 1196, -941)
(27, 2405, -846)
(27, 1523, -858)
(27, 997, -632)
(27, 1902, -433)
(27, 1021, -63)
(27, 217, -435)
(27, 657, -996)
(27, 64, -695)
(27, 2277, 832)
(27, 1716, -69)
(27, 2278, -717)
(27, 1277, 36)
(27, 346, 444)
(27, 2644, -1016)
(27, 1315, -518)
(27, 636, -880)
(27, 355, -143)
(27, 2251, 979)
(27, 345, -640)
(27, 569, -645)
(27, 34, -1001)
(27, 2650, 754)
(27, 2301, -691)
(27, 669, -552)
(27, 1829, -514)
(27, 686, -65)
(27, 1023, -1005)
(27, 1336, 706)
(27, 2914, 713)
(27, 2754, -579)
(27, 1465, -676)
(27, 1805, -765)
(27, 351, -769)
(27, 207, -598)
(27, 171, 723)
(27, 1260, -311)
(27, 315, -620)
(27, 1366, -852)
(27, 1895, -314)
(27, 1313, 583)
(27, 1145, -705)
(27, 96, 615)
(27, 749, 264)
(27, 796, -571)
(27, 1710, -460)
(27, 1585, -25)
(27, 1197, -980)
(27, 2273, 738)
(27, 1016, 114)
(27, 1195, -413)
(27, 120, -519)
(27, 1456, -849)
(28, 532, 770)
(28, 200, 50)
(28, 710, -974)
(28, 1128, -203)
(28, 1423, -524)
(28, 2346, -1020)
(28, 1233, -632)
(28, 322, -1017)
(28, 263, 750)
(28, 2096, 572)
(28, 324, 277)
(28, 1349, -773)
(28, 636, -193)
(28, 987, -934)
(28, 534, -577)
(28, 1496, -739)
(28, 1513, -526)
(28, 1772, -770)
(28, 1052, -892)
(28, 2946, 307)
(28, 455, -528)
(28, 362, 550)
(28, 466, -776)
(28, 567, -636)
(28, 1713, -970)
(28, 2961, -999)
(28, 1077, 773)
(28, 1021, -941)
(28, 394, 673)
(28, 2623, 75)
(28, 1107, -713)
(28, 544, 518)
(28, 396, -899)
(28, 1136, -795)
(28, 1382, -467)
(28, 1388, -448)
(28, 603, -552)
(28, 186, 129)
(28, 994, -595)
(28, 1471, -752)
(28, 745, -1018)
(28, 1017, -756)
(28, 1731, -725)
(28, 1214, -884)
(28, 707, -404)
(28, 1453, -582)
(28, 1848, -782)
(28, 256, 857)
(28, 1574, -968)
(28, 550, 497)
(28, 134, -954)
(28, 1635, -999)
(28, 225, -986)
(28, 1721, 350)
(28, 2822, -950)
(28, 1110, 414)
(28, 498, -971)
(29, 467, 102)
(29, 2, 55)
(29, 100, 626)
(29, 1364, 798)
(29, 275, 256)
(29, 1523, -896)
(29, 2662, -943)
(29, 1186, -660)
(29, 100, -933)
(29, 933, -87)
(29, 1573, -927)
(29, 2254, -874)
(29, 2844, -785)
(29, 290, -991)
(29, 623, 632)
(29, 2929, 381)
(29, 1409, -679)
(29, 890, -768)
(29, 269, -855)
(29, 726, -934)
(29, 1388, -639)
(29, 1184, -527)
(29, 2615, -961)
(29, 2486, -1020)
(29, 405, -928)
(29, 365, -933)
(29, 695, -709)
(29, 34, -874)
(29, 1389, -1003)
(29, 2888, -743)
(29, 511, -918)
(29, 701, -839)
(29, 2826, -719)
(29, 1380, -957)
(29, 196, 93)
(29, 733, -121)
(29, 1647, -544)
(29, 891, -729)
(29, 1834, -885)
(29, 907, 954)
(29, 2671, -808)
(29, 1199, 496)
(29, 1004, -657)
(29, 1557, -283)
(29, 2367, -421)
(29, 690, -831)
(29, 1429, -437)
(30, 1523, 253)
(30, 954, 887)
(30, 1589, 348)
(30, 871, 205)
(30, 255, -572)
(30, 2627, -646)
(30, 477, 522)
(30, 685, -734)
(30, 135, -849)
(30, 792, -921)
(30, 605, 557)
(30, 2569, -958)
(30, 1106, -604)
(30, 1780, -162)
(30, 1720, -616)
(30, 808, -424)
(30, 622, 199)
(30, 1486, -967)
(30, 1402, 284)
(30, 240, -832)
(30, 996, 94)
(30, 1200, -818)
(30, 965, -772)
(30, 405, -47)
(30, 2725, -288)
(30, 2766, -313)
(30, 2902, -895)
(30, 1837, 972)
(30, 2764, -646)
(30, 1357, -523)
(30, 1776, -730)
(30, 539, -550)
(30, 1599, 271)
(30, 195, -951)
(30, 1097, 605)
(30, 1104, -307)
(30, 2294, -101)
(31, 101, -514)
(31, 579, 997)
(31, 1277, 949)
(31, 1456, -953)
(31, 1404, 985)
(31, 335, -671)
(31, 2656, -341)
(31, 2768, -977)
(31, 2741, -574)
(31, 3016, -988)
(31, 480, -44)
(31, 364, -656)
(31, 1369, 670)
(31, 341, -821)
(31, 2646, -883)
(31, 1862, -720)
(31, 841, 700)
(31, 3086, -882)
(31, 1503, -634)
(31, 73, -1020)
(31, 1863, -952)
(31, 588, -957)
(31, 639, -930)
(31, 604, -558)
(31, 1149, -348)
(31, 2688, -816)
(31, 250, -552)
(31, 329, -868)
(31, 1018, 31)
(31, 619, -409)
(31, 737, 160)
(31, 2184, -16)
(31, 1496, -629)
(31, 1586, -602)
(31, 882, -819)
(31, 2958, -612)
(31, 719, 661)
(31, 339, 119)
(31, 41, 80)
(31, 2184, -728)
(31, 711, 435)
(31, 1029, -695)
(31, 1021, -562)
(31, 547, -117)
(31, 1217, -890)
(31, 2013, 363)
(31, 1091, 425)
(31, 466, 295)
(31, 1008, 161)
(31, 31, -319)
(31, 1317, -696)
(31, 2693, -901)
(31, 321, 695)
(31, 534, -554)
(31, 77, -624)
(32, 1237, -879)
(32, 2254, 197)
(32, 1937, -517)
(32, 643, -473)
(32, 224, -975)
(32, 1496, -352)
(32, 947, -726)
(32, 899, -521)
(32, 1399, -452)
(32, 837, -670)
(32, 2852, -777)
(32, 266, -175)
(32, 45, -677)
(32, 179, -664)
(33, 1159, -541)
(33, 851, -956)
(33, 94, -908)
(33, 1812, -625)
(33, 1212, 882)
(33, 795, 790)
(33, 31, 503)
(33, 908, -635)
(33, 825, -571)
(33, 931, -756)
(33, 1148, -852)
(34, 735, -587)
(34, 2717, -902)
(34, 527, 830)
(34, 1305, -67)
(34, 1254, -819)
(34, 1958, -282)
(34, 1420, 986)
(34, 1490, 111)
(34, 1626, 862)
(34, 1149, 561)
(34, 2454, -844)
(34, 1223, -759)
(34, 1819, 697)
(34, 222, -465)
(34, 511, -714)
(34, 1346, -836)
(34, 1282, -864)
(34, 2087, -175)
(34, 753, 263)
(34, 1515, 920)
(34, 1397, 34)
(34, 1047, 399)
(34, 1480, -351)
(34, 555, -753)
(34, 1176, -879)
(34, 1046, -949)
(34, 808, -981)
(34, 1233, -564)
(34, 2364, -117)
(34, 414, 21)
(34, 2181, -257)
(34, 882, -619)
(34, 755, -573)
(34, 2771, -555)
(34, 687, -230)
(34, 846, -157)
(34, 1021, 135)
(34, 879, -69)
(34, 215, 1019)
(34, 1519, 578)
(34, 2508, 778)
(34, 393, -617)
(34, 339, -655)
(34, 1220, 889)
(34, 1314, -617)
(34, 1477, -665)
(34, 606, 928)
(34, 2388, -656)
(34, 1036, 699)
(34, 1169, -562)
(34, 109, -661)
(34, 674, -687)
(34, 2966, -62)
(34, 972, -788)
(34, 1995, -513)
(34, 19, -879)
(34, 1981, 269)
(34, 582, -892)
(34, 46, -753)
(34, 31, -684)
(34, 1222, 75)
(34, 1359, 717)
(34, 607, 968)
(34, 2528, -596)
(34, 2477, 621)
(34, 6, 732)
(34, 952, -362)
(34, 546, 154)
(34, 2083, -988)
(34, 183, -611)
(34, 2639, -397)
(34, 907, 910)
(34, 1315, -1007)
(34, 1033, 875)
(35, 1427, -722)
(35, 6, -716)
(35, 605, -50)
(35, 1431, -786)
(35, 2962, 247)
(35, 550, -894)
(35, 891, -791)
(35, 960, -695)
(35, 306, -979)
(35, 102, -983)
(35, 229, -622)
(35, 735, 802)
(36, 492, -972)
(36, 783, -912)
(36, 89, -690)
(36, 709, -888)
(36, 2218, -535)
(36, 2253, -827)
(36, 1540, 451)
(36, 482, -813)
(36, 1062, -650)
(36, 981, -624)
(36, 1316, -666)
(36, 981, 624)
(36, 2279, 347)
(36, 1157, -825)
(36, 2877, -924)
(36, 281, 746)
(37, 204, -737)
(37, 282, -775)
(37, 1563, -702)
(37, 658, -724)
(37, 454, -1012)
(37, 1355, 558)
(37, 495, -838)
(37, 1189, -968)
(37, 1030, 562)
(37, 1552, -664)
(37, 1457, -817)
(37, 477, -816)
(37, 1301, -777)
(37, 496, -973)
(37, 1521, -544)
(37, 709, -727)
(37, 957, 914)
(37, 2034, -321)
(37, 1154, -837)
(37, 1562, 1020)
(37, 1137, 683)
(37, 922, 646)
(37, 998, -220)
(37, 2675, 737)
(37, 2032, -607)
(37, 1858, -905)
(37, 1440, -776)
(37, 500, -828)
(37, 2897, 1013)
(37, 2972, -711)
(37, 670, 564)
(37, 548, 308)
(37, 152, -823)
(37, 1398, -1006)
(37, 1070, 9)
(37, 848, -588)
(37, 1447, -701)
(37, 224, -234)
(37, 554, 856)
(37, 1709, -636)
(38, 497, -88)
(38, 59, 629)
(38, 2430, -872)
(38, 1734, -861)
(38, 1823, -68)
(38, 1367, -565)
(38, 592, -648)
(38, 902, 983)
(38, 2772, -735)
(38, 284, 297)
(38, 1719, 704)
(38, 248, 188)
(38, 2650, -933)
(38, 1463, -840)
(38, 1482, -564)
(38, 1140, 897)
(38, 454, -905)
(39, 649, -917)
(39, 1239, -823)
(39, 862, -93)
(39, 2801, -990)
(39, 2275, -984)
(39, 21, -599)
(39, 1957, -1008)
(39, 1610, -704)
(39, 1871, -993)
(39, 1507, -748)
(39, 392, -986)
(39, 741, -845)
(39, 1115, 20)
(39, 1271, -782)
(39, 2106, -670)
(39, 1086, 724)
(39, 1043, -978)
(39, 1300, -744)
(39, 769, -595)
(39, 386, -843)
(39, 216, -1007)
(39, 2156, -989)
(39, 2779, -743)
(39, 2450, -652)
(39, 327, -752)
(39, 1305, -698)
(39, 1530, -759)
(39, 232, 953)
(39, 843, -902)
(39, 2712, -939)
(39, 235, -645)
(39, 710, 331)
(39, 828, -710)
(39, 1010, -493)
(39, 1331, 186)
(39, 1747, -52)
(39, 342, -943)
(39, 1239, 717)
(39, 1282, -527)
(39, 236, -109)
(39, 992, -326)
(39, 1055, -607)
(39, 2192, -601)
(39, 754, -767)
(39, 2238, 1017)
(39, 1406, -624)
(39, 910, -872)
(39, 1876, -311)
(39, 608, -711)
(39, 1308, -20)
(39, 30, -323)
(39, 433, -907)
(39, 1780, -460)
(39, 816, -775)
(39, 119, -810)
(39, 505, 770)
(39, 677, -660)
(39, 1526, -785)
(39, 1155, 368)
(39, 353, 953)
(39, 1783, -714)
(39, 2322, -721)
(39, 929, -571)
(39, 1518, -657)
(39, 1403, 914)
(39, 1311, -572)
(39, 77, -386)
(39, 1075, -666)
(39, 2048, -541)
(39, 1066, -944)
(39, 539, -518)
(39, 3085, -854)
(39, 1335, -953)
(39, 575, -772)
(39, 2658, 313)
(39, 1881, -510)
(39, 1912, -558)
(39, 237, -699)
(39, 378, -696)
(39, 1119, 161)
(39, 1195, -896)
(39, 1226, -868)
(39, 2499, -1014)
(39, 2346, 87)
(39, 496, -401)
(39, 2304, 95)
(39, 2475, -549)
(39, 74, -945)
(39, 1532, 163)
(39, 597, -1006)
(39, 312, -955)
(39, 650, -257)
(39, 185, -657)
(39, 34, 173)
(39, 315, -894)
(39, 1605, -646)
(39, 1437, 855)
(39, 1560, -923)
(39, 760, -419)
(39, 715, -887)
(39, 475, -762)
(39, 2404, -766)
(39, 2389, -648)
(39, 1020, 909)
(39, 770, -814)
(39, 1386, 482)
(39, 1548, -841)
(39, 1482, -327)
(39, 1148, -837)
(39, 2838, -687)
(39, 390, -677)
(39, 449, -854)
(39, 2771, 565)
(39, 997, -1000)
(40, 333, -609)
(40, 1585, -604)
(40, 88, 929)
(40, 1271, 870)
(40, 1508, -652)
(40, 1555, -747)
(40, 1810, -1004)
(40, 917, -1022)
(40, 1536, 361)
(40, 194, 823)
(40, 1908, -877)
(40, 1254, 815)
(40, 483, -944)
(40, 653, -598)
(40, 513, 239)
(40, 218, 455)
(40, 209, -319)
(40, 916, 938)
(40, 512, -841)
(40, 3001, -677)
(40, 1238, -914)
(40, 1797, -831)
(40, 1235, -521)
(40, 2563, -512)
(40, 1294, 853)
(40, 1228, -579)
(40, 334, -582)
(40, 633, -724)
(40, 2519, 442)
(40, 186, -176)
(40, 1229, -727)
(40, 2259, -948)
(40, 390, 425)
(40, 1297, -792)
(40, 558, -884)
(40, 2702, -665)
(40, 950, -740)
(40, 2, -525)
(40, 611, 254)
(40, 3062, -654)
(40, 1893, -591)
(40, 1858, -735)
(40, 1123, 780)
(40, 2427, -328)
(40, 334, -845)
(40, 291, -1020)
(40, 393, -846)
(40, 2011, -768)
(40, 2048, -756)
(40, 706, 563)
(40, 1982, 661)
(40, 913, -432)
(40, 1570, -558)
(40, 901, -450)
(40, 610, -936)
(40, 1411, -579)
(40, 107, -826)
(40, 248, -626)
(41, 47, -1002)
(41, 924, -568)
(41, 918, -319)
(41, 17, -589)
(41, 521, -532)
(41, 626, -855)
(41, 36, -827)
(41, 733, -789)
(41, 1060, -890)
(41, 133, 970)
(41, 207, 890)
(41, 616, 447)
(41, 155, 864)
(41, 59, -380)
(41, 755, -803)
(41, 1079, -957)
(41, 1402, -304)
(41, 520, 868)
(41, 408, 972)
(41, 326, -617)
(41, 309, 650)
(41, 1352, 671)
(41, 570, -372)
(41, 1507, -789)
(41, 1568, -839)
(41, 689, -566)
(41, 1427, 749)
(41, 1112, -189)
(41, 521, -627)
(41, 1556, 149)
(41, 719, -805)
(41, 1424, -852)
(41, 732, 443)
(41, 880, -684)
(41, 210, -710)
(41, 1103, -588)
(41, 855, -406)
(41, 230, -663)
(41, 1375, -815)
(41, 2726, -956)
(41, 538, 960)
(41, 1239, -207)
(41, 262, -1016)
(42, 2371, -900)
(42, 533, -987)
(42, 1442, -715)
(42, 784, -557)
(42, 2623, 313)
(42, 562, 819)
(42, 753, -793)
(42, 67, -889)
(42, 2954, -514)
(42, 391, 125)
(42, 599, -162)
(42, 1017, -224)
(42, 3003, 124)
(42, 1248, -511)
(42, 1227, -550)
(42, 1642, -508)
(42, 1445, 290)
(42, 1428, 15)
(42, 1401, -703)
(42, 3061, -576)
(42, 477, -952)
(42, 172, -579)
(42, 503, -852)
(42, 870, -839)
(42, 1658, -936)
(42, 161, -843)
(42, 186, -715)
(42, 2373, -582)
(42, 1368, -641)
(42, 2447, -763)
(42, 1034, -827)
(42, 526, 390)
(42, 1299, -556)
(42, 2662, -598)
(42, 887, -870)
(42, 696, -707)
(42, 2466, -876)
(42, 1236, -848)
(42, 1180, -879)
(42, 857, -856)
(42, 752, -834)
(42, 803, 326)
(42, 897, -951)
(42, 886, 176)
(42, 1284, -760)
(42, 178, -987)
(42, 265, -788)
(42, 1710, -905)
(42, 1664, -523)
(42, 601, 941)
(42, 843, -617)
(42, 325, -524)
(42, 2274, -913)
(42, 1698, 914)
(42, 96, -521)
(42, 2551, -845)
(42, 12, -233)
(42, 2568, -581)
(42, 2874, -835)
(42, 2973, -622)
(42, 461, -711)
(42, 1458, 793)
(42, 822, -1017)
(42, 2518, 401)
(42, 1540, -800)
(42, 953, 891)
(42, 1265, -905)
(42, 613, -773)
(42, 2699, -617)
(42, 2866, -648)
(43, 1128, -585)
(43, 1176, -951)
(43, 46, 952)
(43, 995, -575)
(43, 606, 623)
(43, 836, -937)
(43, 2952, 579)
(43, 1355, 1)
(43, 386, -887)
(43, 797, -969)
(43, 963, -971)
(43, 358, -1018)
(43, 976, 865)
(43, 1027, -982)
(43, 1337, -881)
(43, 1496, -716)
(43, 935, 942)
(43, 2971, -656)
(43, 916, 73)
(43, 803, -973)
(43, 860, -141)
(43, 2612, -645)
(43, 2806, 437)
(43, 1150, -892)
(43, 159, -152)
(43, 328, -678)
(43, 1565, -914)
(43, 734, 351)
(43, 3088, -141)
(43, 350, -636)
(43, 25, -534)
(43, 1154, 585)
(43, 626, -432)
(43, 415, -674)
(43, 3039, 315)
(43, 1534, -780)
(43, 1587, -740)
(43, 2060, -744)
(43, 76, 378)
(43, 336, -438)
(43, 2348, -770)
(43, 237, 68)
(43, 2995, -916)
(43, 1943, -826)
(43, 1612, -882)
(43, 74, -75)
(43, 1813, -778)
(43, 367, -926)
(43, 112, 305)
(43, 364, -940)
(43, 848, -574)
(43, 1175, 652)
(43, 562, -868)
(43, 1058, -414)
(43, 764, -681)
(43, 951, -754)
(43, 937, -563)
(43, 2339, -853)
(43, 861, -667)
(43, 17, 459)
(43, 2353, -518)
(43, 536, -552)
(43, 2778, 133)
(43, 2845, -949)
(43, 2308, 192)
(43, 1690, -712)
(43, 564, 120)
(43, 1804, -1016)
(43, 441, -658)
(43, 1500, -154)
(43, 1518, 175)
(43, 1561, -881)
(43, 1903, 841)
(43, 568, -892)
(43, 1185, -561)
(43, 513, -968)
(43, 1175, 150)
(43, 953, -671)
(43, 1215, -73)
(43, 148, -746)
(43, 1307, -756)
(43, 2407, -540)
(43, 133, -633)
(43, 1638, -416)
(43, 2259, -93)
(43, 857, -652)
(43, 398, -701)
(43, 996, -409)
(43, 902, -771)
(43, 972, -662)
(43, 3014, 487)
(44, 1049, -197)
(44, 37, -563)
(44, 640, -973)
(44, 1224, -679)
(44, 798, -919)
(44, 3160, 662)
(44, 26, 971)
(44, 2289, -691)
(44, 494, 486)
(44, 2534, -535)
(44, 425, -843)
(44, 2701, 522)
(44, 956, -915)
(44, 1447, -814)
(44, 2191, -411)
(44, 779, -976)
(45, 1623, -887)
(45, 544, 656)
(45, 122, 413)
(45, 1571, -895)
(45, 1417, 562)
(45, 701, -516)
(45, 1413, -851)
(45, 764, 259)
(45, 2268, -813)
(45, 605, -629)
(45, 772, -906)
(45, 657, -794)
(45, 856, -984)
(45, 1807, -781)
(45, 154, -925)
(45, 1554, 558)
(45, 206, -650)
(45, 110, -374)
(45, 432, -1001)
(45, 2639, -663)
(45, 833, -759)
(45, 1047, 341)
(45, 2722, -810)
(45, 696, -892)
(45, 206, -849)
(45, 370, -829)
(45, 3159, 535)
(45, 2433, -600)
(45, 545, -888)
(45, 362, -624)
(45, 533, -993)
(45, 1182, -544)
(45, 874, -983)
(45, 1244, -1016)
(45, 654, -897)
(45, 591, -906)
(45, 174, -1007)
(45, 1177, -418)
(45, 736, -888)
(45, 1222, -810)
(45, 2067, -833)
(45, 2809, 74)
(45, 704, -1005)
(45, 1039, -635)
(45, 2261, -908)
(45, 868, -650)
(45, 868, -613)
(45, 1083, -548)
(45, 945, -907)
(45, 710, -718)
(45, 1328, -553)
(45, 811, -846)
(45, 113, -533)
(45, 520, -923)
(45, 916, -744)
(45, 499, -1003)
(45, 1906, 277)
(45, 563, -744)
(45, 873, -317)
(45, 1559, -940)
(45, 817, -882)
(45, 397, 1011)
(45, 592, -965)
(45, 163, -584)
(45, 1525, -629)
(45, 259, -573)
(45, 2671, 420)
(46, 2959, -828)
(46, 805, 2)
(46, 2834, 475)
(46, 687, -778)
(46, 452, -776)
(46, 2412, -928)
(46, 1520, 811)
(46, 268, -912)
(46, 1253, -679)
(46, 286, 110)
(46, 475, -560)
(46, 1535, -740)
(46, 1125, -982)
(46, 2341, -677)
(46, 912, -802)
(46, 574, -879)
(46, 718, -148)
(46, 631, 154)
(46, 480, -941)
(46, 2921, -722)
(46, 557, -599)
(46, 1195, -878)
(46, 490, -346)
(46, 1727, 101)
(46, 419, -775)
(46, 337, 215)
(46, 2866, 473)
(46, 474, -572)
(46, 627, -807)
(46, 616, -593)
(46, 2564, 284)
(46, 3006, -522)
(46, 1353, 942)
(46, 301, -688)
(46, 475, -871)
(46, 2567, 871)
(46, 2483, -918)
(46, 1966, -737)
(46, 147, -878)
(46, 1255, -522)
(46, 2739, -640)
(46, 1521, 840)
(46, 2966, -562)
(46, 422, -959)
(46, 2837, -863)
(46, 1742, -953)
(46, 859, -587)
(46, 812, -998)
(46, 339, -886)
(46, 603, -608)
(46, 1965, 200)
(46, 1102, -631)
(46, 1046, 564)
(46, 901, -552)
(46, 853, -672)
(46, 3031, 758)
(46, 1548, -525)
(46, 785, -321)
(46, 1581, -864)
(46, 2749, 349)
(46, 2318, -939)
(46, 297, 258)
(46, 1562, -758)
(46, 1506, 118)
(46, 1990, -900)
(46, 35, -591)
(46, 1254, -697)
(46, 963, -610)
(46, 228, -844)
(46, 2341, 272)
(46, 537, 246)
(46, 1565, -658)
(46, 1518, -274)
(46, 226, -904)
(46, 2035, 543)
(46, 980, -580)
(46, 336, -913)
(46, 2480, -628)
(46, 648, 973)
(46, 1127, -536)
(46, 2681, -444)
(46, 1871, -793)
(46, 314, -806)
(46, 248, -978)
(46, 625, 660)
(46, 2519, -978)
(46, 963, -690)
(46, 3004, 880)
(46, 98, -689)
(46, 1366, -18)
(46, 3179, 282)
(46, 3163, -543)
(46, 1877, -990)
(46, 2587, -572)
(46, 1438, -514)
(46, 546, -717)
(46, 785, 851)
(46, 2440, -726)
(46, 1082, -556)
(46, 2377, 401)
(46, 1195, -645)
(46, 717, -929)
(46, 391, -978)
(46, 1106, -653)
(46, 1768, 204)
(46, 347, -723)
(46, 820, 408)
(46, 564, -606)
(46, 2910, -23)
(46, 2713, -1004)
(46, 900, -91)
(46, 2527, -770)
(46, 447, 597)
(46, 87, -102)
(46, 2286, -1004)
(46, 1073, 660)
(46, 2350, 120)
(46, 1175, -973)
(46, 998, -638)
(46, 1260, -640)
(46, 742, -355)
(46, 1002, -928)
(46, 1525, -11)
(46, 858, 78)
(46, 2273, 998)
(46, 1415, 986)
(46, 1023, -947)
(46, 1825, 717)
(47, 126, -871)
(47, 447, -1000)
(47, 681, -848)
(47, 1685, -36)
(47, 762, -683)
(47, 957, -24)
(47, 571, -373)
(47, 192, -626)
(47, 1396, -513)
(47, 2137, -533)
(47, 683, -644)
(47, 3108, 719)
(47, 1091, -979)
(47, 743, 863)
(47, 1225, -99)
(47, 3136, -849)
(47, 657, -495)
(47, 1307, -609)
(47, 1510, -559)
(47, 748, -767)
(47, 278, -32)
(47, 237, -1005)
(47, 499, -413)
(47, 1452, -845)
(47, 247, -598)
(47, 1224, 638)
(47, 1798, -614)
(47, 1519, -652)
(47, 2710, 324)
(47, 810, -647)
(47, 1724, -974)
(47, 563, -869)
(47, 895, -707)
(47, 1441, -735)
(47, 2203, -911)
(47, 805, -755)
(47, 879, -989)
(47, 427, -658)
(49, 763, -898)
(49, 803, -735)
(49, 677, -880)
(49, 896, -594)
(49, 1587, -858)
(49, 161, -816)
(49, 135, -804)
(49, 1305, -861)
(49, 2962, -527)
(49, 979, -119)
(49, 1973, -570)
(49, 227, 1001)
(49, 87, 181)
(49, 1511, -677)
(49, 1127, -589)
(49, 843, -743)
(49, 1411, -694)
(49, 269, -643)
(49, 1200, 879)
(49, 1707, -587)
(49, 2852, -858)
(49, 411, 562)
(50, 3138, -490)
(50, 2985, -923)
(50, 2614, -981)
(50, 2256, -955)
(50, 1150, -592)
(50, 2477, 1015)
(50, 547, -657)
(50, 1849, -963)
(50, 1413, 700)
(50, 1228, 819)
(50, 2887, 405)
(50, 1474, -717)
(50, 699, -958)
(50, 586, -862)
(50, 432, -990)
(50, 2066, 928)
(50, 1280, -979)
(50, 893, -996)
(50, 1951, -743)
(50, 136, 500)
(50, 730, -715)
(50, 2478, -862)
(50, 1534, -997)
(50, 1583, -959)
(50, 1386, -787)
(50, 1457, -730)
(50, 1409, -651)
(50, 507, 182)
(50, 859, -943)
(50, 1348, -244)
(50, 1448, -805)
(50, 912, -536)
(50, 317, -800)
(50, 1072, -870)
(50, 2822, 991)
(50, 159, -763)
(50, 707, -539)
(50, 1603, -769)
(50, 885, -562)
(50, 318, -949)
(50, 249, -662)
(50, 653, 43)
(50, 897, -709)
(50, 682, -680)
(50, 607, -905)
(50, 538, 684)
(50, 1122, -924)
(50, 1586, -902)
(50, 322, 19)
(50, 702, -781)
(50, 115, -626)
(50, 2066, -896)
(50, 2903, -548)
(50, 3108, -986)
(50, 784, 857)
(50, 1325, -889)
(50, 1377, 444)
(50, 421, -541)
(50, 530, -682)
(50, 658, -995)
(50, 1569, -980)
(50, 1127, -979)
(50, 76, -1010)
(50, 2355, -815)
(50, 1736, 493)
(50, 1584, -558)
(50, 1987, -656)
(50, 1026, -786)
(50, 2242, 118)
(50, 1502, -256)
(50, 851, 833)
(50, 1973, -797)
(50, 2472, -575)
(50, 734, -183)
(50, 3135, -667)
(50, 565, 812)
(50, 836, -582)
(50, 180, -916)
(50, 525, 22)
(50, 702, -928)
(50, 908, -749)
(50, 221, -337)
(50, 1273, -927)
(50, 233, -942)
(50, 1465, -515)
(50, 2979, 591)
(50, 976, -913)
(50, 900, -798)
(50, 763, 593)
(50, 1155, -37)
(50, 1246, 272)
(50, 1163, -898)
(50, 1193, -641)
(50, 973, 119)
(50, 821, 652)
(50, 1491, -865)
(50, 1357, -723)
(50, 3163, 577)
(50, 2329, -295)
(50, 1317, -695)
(50, 1110, -946)
(50, 1327, -445)
(50, 1953, -94)
(50, 726, 722)
(50, 905, -808)
(50, 40, -944)
(50, 700, 592)
(50, 1369, -845)
(50, 2608, -256)
(50, 97, -977)
(50, 1909, 207)
(50, 310, -529)
(50, 549, -951)
(50, 2740, -1010)
(50, 1491, -621)
(50, 1226, 303)
(50, 1280, -682)
(50, 2786, 641)
(50, 415, -600)
(50, 318, -1020)
(50, 898, -876)
(50, 2503, -614)
(50, 106, 878)
(50, 502, 65)
(50, 325, -984)
(50, 222, -750)
(50, 1510, -359)
(50, 2464, 212)
(50, 356, 648)
(50, 3035, -118)
(50, 334, -673)
(50, 1567, -427)
(50, 1320, -873)
(50, 782, -911)
(50, 125, 755)
(50, 313, 958)
(50, 339, -361)