rows=8433
cols=3180
(0, 1365, -763)
(0, 2128, -919)
(0, 3367, 244)
(0, 400, -121)
(0, 639, -819)
(0, 2112, -747)
(0, 1045, -558)
(0, 301, -708)
(0, 1306, -608)
(0, 1425, 24)
(0, 3478, -350)
(0, 602, -600)
(0, 1424, -661)
(0, 1485, -857)
(0, 3224, -681)
(0, 3903, 799)
(0, 430, 354)
(0, 619, 830)
(0, 150, -700)
(0, 1965, -538)
(0, 1160, -1012)
(0, 1046, 660)
(0, 1252, -802)
(0, 1916, -317)
(0, 1611, 228)
(0, 792, -635)
(1, 2374, -201)
(1, 481, -294)
(1, 833, -631)
(1, 2677, -96)
(1, 3517, 408)
(1, 3942, 937)
(1, 3225, -848)
(1, 3428, -524)
(1, 3396, -715)
(1, 1265, -817)
(1, 2304, -739)
(1, 1237, -575)
(1, 3307, -649)
(1, 1063, -810)
(1, 342, -690)
(1, 2552, -742)
(1, 1050, -936)
(1, 1018, 899)
(1, 572, -613)
(1, 1482, -370)
(1, 270, -908)
(1, 242, -604)
(1, 1884, -518)
(1, 17, 128)
(1, 3866, 426)
(1, 754, 482)
(1, 1616, 135)
(1, 296, -50)
(1, 1312, -271)
(1, 1862, 999)
(1, 718, 424)
(1, 1848, -925)
(1, 183, 908)
(1, 2890, 109)
(1, 2242, -911)
(1, 3633, 40)
(1, 1803, 542)
(1, 244, -803)
(1, 3755, 437)
(1, 1411, 489)
(1, 1223, -862)
(1, 1331, 179)
(1, 1983, -322)
(1, 1, -685)
(1, 2033, -14)
(1, 62, -997)
(1, 1307, -548)
(1, 2292, -559)
(2, 1627, 34)
(2, 2256, 256)
(2, 348, 577)
(2, 1980, -858)
(2, 6, -734)
(2, 1065, -807)
(2, 1909, 44)
(2, 710, -528)
(2, 79, -704)
(2, 1811, -825)
(2, 1123, -758)
(2, 654, -449)
(3, 280, 1004)
(3, 1426, -585)
(3, 1416, -805)
(3, 1882, -889)
(3, 389, -1003)
(3, 1303, -731)
(3, 1141, 420)
(3, 3172, -727)
(3, 1206, -202)
(3, 1665, -549)
(3, 1305, -243)
(3, 741, -574)
(3, 2580, -572)
(3, 1834, 803)
(3, 2400, -716)
(3, 909, -697)
(3, 1689, -560)
(3, 2641, -190)
(3, 2085, 442)
(3, 1175, 18)
(3, 1351, -965)
(3, 442, -84)
(3, 930, 340)
(3, 3306, 455)
(3, 668, -534)
(3, 739, -481)
(3, 2911, -630)
(3, 2176, -680)
(3, 3597, -562)
(3, 787, -684)
(3, 1559, 111)
(3, 833, -979)
(3, 299, 929)
(3, 1273, -854)
(3, 1477, -205)
(3, 1977, -1017)
(3, 756, -600)
(3, 1807, 841)
(3, 354, -587)
(3, 3769, 106)
(3, 1884, -864)
(3, 1931, -897)
(3, 1312, -122)
(3, 548, -1002)
(3, 1252, -938)
(3, 387, 593)
(3, 2267, 598)
(3, 142, -685)
(3, 1579, 694)
(3, 1850, 506)
(3, 1377, -957)
(3, 1274, -817)
(3, 2506, -710)
(3, 1070, -594)
(3, 774, 170)
(3, 574, 122)
(3, 1129, -649)
(3, 1539, 71)
(3, 96, -279)
(3, 509, -965)
(3, 207, -950)
(3, 297, -741)
(3, 1230, 585)
(3, 2022, -950)
(3, 662, -626)
(3, 3324, -624)
(3, 989, -662)
(3, 730, -474)
(3, 60, -894)
(3, 606, -564)
(3, 1921, -982)
(3, 3658, -964)
(3, 562, -78)
(3, 1303, 790)
(3, 824, -951)
(3, 671, 1009)
(3, 458, -894)
(3, 3282, -997)
(3, 180, -678)
(3, 2696, 412)
(3, 3698, 695)
(3, 874, -834)
(3, 723, -726)
(3, 685, -958)
(3, 1508, -390)
(3, 471, -505)
(3, 1513, -862)
(3, 1722, -930)
(3, 711, -792)
(3, 3930, 3)
(3, 1430, -553)
(3, 1065, -716)
(3, 941, 661)
(3, 59, 13)
(3, 1983, -697)
(3, 3007, 168)
(3, 2177, -519)
(3, 2023, -709)
(3, 1080, -1010)
(3, 1892, 1)
(3, 1517, 82)
(3, 3124, -985)
(3, 828, -573)
(3, 115, -734)
(3, 696, -777)
(3, 303, -954)
(3, 434, 346)
(3, 2853, -787)
(3, 3593, -564)
(3, 3549, -945)
(3, 2557, -728)
(3, 3846, -1000)
(4, 1901, -758)
(4, 2436, -878)
(4, 306, -647)
(4, 1479, -596)
(4, 293, -569)
(4, 234, -317)
(4, 252, -135)
(4, 1281, -960)
(4, 119, 386)
(4, 1815, 593)
(4, 1323, -713)
(4, 1105, -799)
(4, 1839, -219)
(5, 113, -995)
(5, 661, -770)
(5, 2896, -595)
(5, 3696, -785)
(5, 915, -925)
(5, 694, -629)
(5, 462, -626)
(5, 3596, -617)
(5, 1957, 354)
(5, 653, -715)
(5, 1954, -951)
(5, 3820, -854)
(5, 694, 558)
(5, 1585, 145)
(5, 3741, -968)
(5, 1049, -935)
(5, 610, -668)
(5, 2712, 167)
(5, 111, -532)
(5, 2194, -1016)
(5, 1013, -836)
(5, 1709, -874)
(5, 3937, -494)
(5, 3703, 722)
(5, 1999, -995)
(5, 847, -966)
(5, 1338, 616)
(5, 1345, -850)
(5, 1980, -697)
(5, 1487, 299)
(5, 2894, -13)
(5, 1165, -673)
(5, 1318, -684)
(5, 1886, -961)
(5, 619, -413)
(5, 491, -781)
(5, 1072, -621)
(5, 191, -499)
(5, 1314, -813)
(5, 2406, -680)
(5, 1286, -1004)
(6, 1918, 663)
(6, 1621, -88)
(6, 1937, -131)
(6, 581, -86)
(6, 187, 914)
(6, 3193, 849)
(6, 1993, -889)
(6, 2993, -706)
(6, 1281, -750)
(6, 1066, -989)
(6, 1178, -944)
(6, 465, -726)
(6, 1067, -847)
(6, 2975, -726)
(6, 815, -982)
(6, 878, -644)
(6, 1976, 483)
(6, 2393, -665)
(6, 234, -592)
(6, 3610, 563)
(6, 699, -565)
(6, 1298, -163)
(6, 88, 29)
(6, 2050, -779)
(6, 1115, -691)
(6, 925, 96)
(6, 2315, 416)
(6, 206, -754)
(6, 733, -858)
(6, 460, 1008)
(6, 572, -699)
(6, 1906, -754)
(6, 700, -917)
(6, 674, 340)
(6, 38, -471)
(6, 295, -945)
(6, 742, -972)
(6, 2381, -593)
(6, 1312, -542)
(6, 1082, -617)
(6, 3797, -751)
(6, 1792, -587)
(6, 697, 118)
(6, 670, -904)
(6, 46, -1006)
(6, 1125, -910)
(6, 35, -715)
(6, 3422, -429)
(6, 1402, -177)
(6, 2829, 744)
(6, 3226, -725)
(6, 444, -586)
(6, 907, -531)
(6, 3265, 493)
(6, 1655, -590)
(6, 1823, -739)
(6, 2499, -913)
(6, 1274, -893)
(6, 223, -736)
(6, 1688, 846)
(6, 1359, 219)
(6, 322, -780)
(6, 788, -698)
(6, 2588, -363)
(6, 1259, -854)
(6, 1809, -629)
(6, 1279, -850)
(6, 660, -574)
(6, 763, -148)
(6, 983, -807)
(6, 912, 79)
(6, 579, 150)
(6, 703, 516)
(6, 155, -538)
(6, 3931, -698)
(6, 649, -687)
(6, 180, 284)
(6, 3141, -210)
(6, 3633, -563)
(6, 1172, -678)
(6, 1663, -635)
(6, 1705, -926)
(6, 1459, -821)
(7, 1281, 961)
(7, 1851, -622)
(7, 1640, 878)
(7, 864, -374)
(7, 437, -863)
(7, 482, -653)
(7, 1371, -557)
(7, 94, -771)
(7, 1290, -866)
(7, 1699, 898)
(7, 1492, -300)
(7, 202, -856)
(7, 1392, -674)
(7, 3522, -811)
(7, 3036, -570)
(7, 2029, -718)
(7, 621, -924)
(7, 1968, -561)
(7, 3642, -814)
(7, 570, 593)
(7, 159, -956)
(7, 1294, -923)
(7, 2498, -534)
(7, 1693, -1023)
(7, 1957, 306)
(7, 1182, 172)
(7, 3504, -571)
(7, 3787, -567)
(7, 1951, -942)
(7, 1629, 106)
(7, 989, 404)
(7, 3503, 458)
(7, 1630, -236)
(7, 3506, -1006)
(7, 711, -194)
(7, 1589, 956)
(7, 1607, -570)
(7, 1778, 984)
(7, 1083, -814)
(7, 2483, -896)
(7, 866, -138)
(7, 207, -837)
(7, 1479, 260)
(7, 113, -883)
(7, 639, -751)
(7, 1758, 204)
(7, 1914, -897)
(7, 3769, -578)
(7, 925, -577)
(7, 2458, -513)
(7, 2833, -596)
(7, 2870, -592)
(7, 1268, 966)
(7, 1191, -717)
(7, 1688, -999)
(7, 666, -591)
(7, 379, -659)
(7, 1606, -408)
(7, 127, -652)
(7, 1920, -519)
(7, 525, -496)
(7, 3481, -853)
(7, 1360, -844)
(7, 946, 21)
(7, 1497, -267)
(7, 1058, 832)
(7, 2011, -206)
(7, 928, -738)
(7, 2236, -912)
(7, 1145, -965)
(7, 2410, -241)
(7, 1147, -404)
(7, 1720, -791)
(7, 259, -914)
(7, 597, -882)
(7, 1350, 345)
(7, 1994, 426)
(7, 1088, -712)
(7, 1946, -676)
(7, 437, -546)
(7, 362, 272)
(7, 586, -827)
(8, 3394, -898)
(8, 625, -683)
(8, 318, -842)
(8, 1710, 530)
(8, 646, -728)
(8, 2640, -611)
(8, 1840, -936)
(8, 687, -543)
(8, 1149, -774)
(8, 1961, -893)
(8, 153, -905)
(8, 2241, -546)
(8, 2844, 478)
(8, 3204, 796)
(8, 1791, -939)
(8, 1553, -416)
(8, 1174, 758)
(8, 506, -582)
(8, 1028, 957)
(8, 9, 93)
(8, 1322, 738)
(8, 3882, -668)
(8, 1378, 594)
(8, 470, 312)
(8, 442, 457)
(8, 2429, -896)
(8, 1502, -531)
(8, 906, -809)
(8, 1691, -985)
(8, 340, 436)
(8, 1947, -652)
(8, 450, -761)
(8, 1313, 590)
(8, 1889, -1013)
(8, 1960, -658)
(8, 151, -421)
(8, 1599, 61)
(8, 2274, -591)
(8, 3489, 367)
(8, 208, -675)
(8, 97, 295)
(8, 2801, -788)
(8, 234, 349)
(8, 1674, 932)
(8, 750, -1020)
(8, 1404, -754)
(8, 39, -541)
(8, 213, -640)
(8, 1501, -972)
(8, 3556, -532)
(8, 1599, -847)
(8, 3115, -749)
(8, 729, -699)
(8, 3168, 606)
(8, 2067, 827)
(8, 1242, -899)
(8, 2628, -824)
(8, 522, -886)
(8, 1144, 150)
(8, 1351, -881)
(8, 1884, 344)
(8, 1278, 686)
(8, 1435, 467)
(8, 3947, -490)
(8, 798, -773)
(8, 278, 208)
(8, 1383, -569)
(8, 347, -754)
(8, 1108, -329)
(8, 2556, -777)
(8, 3265, -750)
(8, 895, -894)
(8, 498, -790)
(8, 471, -727)
(8, 1411, -490)
(8, 2552, -545)
(8, 3601, 291)
(8, 1562, -717)
(8, 1087, 96)
(8, 889, -773)
(8, 1227, -516)
(8, 222, -992)
(8, 214, -809)
(8, 3257, -832)
(8, 1077, 584)
(8, 3463, 760)
(8, 3816, -1009)
(8, 1002, -873)
(8, 3717, -933)
(8, 2983, 879)
(8, 1125, -545)
(8, 936, -613)
(8, 98, -941)
(8, 935, -754)
(8, 708, -792)
(8, 3083, -567)
(8, 1871, -542)
(8, 3231, 539)
(8, 889, -421)
(8, 765, -534)
(8, 3151, -956)
(8, 1154, 740)
(8, 2472, -893)
(8, 389, -1021)
(8, 478, 948)
(8, 558, -106)
(8, 104, -185)
(8, 688, -407)
(8, 521, 722)
(8, 3696, 820)
(8, 1285, -487)
(8, 2032, 570)
(8, 2321, 584)
(8, 1768, -49)
(8, 1787, -815)
(8, 342, -982)
(8, 401, -691)
(8, 1105, -957)
(8, 1279, -907)
(8, 1007, -838)
(8, 1360, 603)
(8, 310, -527)
(8, 1334, -533)
(8, 1023, -170)
(8, 1405, -717)
(8, 561, -731)
(8, 130, -845)
(8, 2816, -620)
(8, 780, -905)
(8, 3017, -765)
(8, 940, -694)
(8, 3317, 28)
(8, 876, -614)
(8, 3955, -816)
(8, 765, -714)
(8, 725, 993)
(8, 1320, 673)
(8, 617, -774)
(8, 1392, -191)
(8, 863, 188)
(8, 855, -588)
(8, 877, -828)
(8, 732, -262)
(8, 965, -657)
(8, 2455, -660)
(8, 3751, -240)
(8, 1131, 831)
(8, 754, -356)
(8, 3480, -370)
(8, 505, -676)
(8, 1822, -61)
(8, 1925, 521)
(8, 3193, -362)
(8, 728, -563)
(8, 571, -539)
(8, 1932, -1022)
(8, 3321, -575)
(9, 1593, -632)
(9, 1937, -945)
(9, 929, -546)
(9, 428, 975)
(9, 434, -958)
(9, 1077, -675)
(9, 1086, -23)
(9, 1537, -858)
(9, 54, -367)
(9, 2643, -891)
(9, 1722, 857)
(9, 1752, -519)
(9, 546, -896)
(9, 1128, -619)
(9, 701, -803)
(9, 2714, -944)
(9, 3327, -824)
(9, 689, 15)
(9, 1472, -284)
(9, 316, -831)
(9, 2481, -563)
(9, 2347, -747)
(9, 1585, -585)
(9, 2477, -879)
(9, 2186, -662)
(9, 410, -868)
(9, 1814, -1010)
(9, 1005, 479)
(9, 729, -1012)
(9, 1784, -874)
(9, 1353, -297)
(9, 3333, -659)
(9, 328, 969)
(9, 1437, 356)
(9, 597, 104)
(9, 710, 225)
(9, 1245, -543)
(9, 1974, 341)
(9, 1124, -545)
(9, 449, 919)
(9, 485, -680)
(9, 1737, -722)
(9, 3003, 472)
(9, 2372, -1022)
(9, 3698, -249)
(9, 3918, -994)
(9, 3231, -977)
(9, 2397, -975)
(9, 1221, 270)
(9, 1812, -119)
(9, 513, 7)
(9, 3697, -525)
(9, 45, -739)
(9, 3505, -685)
(9, 304, -967)
(9, 3161, -673)
(9, 729, -644)
(9, 655, -846)
(9, 890, 1)
(9, 3357, -876)
(9, 1296, 214)
(9, 2872, -486)
(9, 445, 291)
(9, 791, -605)
(9, 1366, -637)
(9, 774, -841)
(9, 432, 299)
(9, 1602, 875)
(9, 3055, 584)
(9, 505, -905)
(9, 1424, -747)
(9, 1764, -757)
(9, 21, -983)
(9, 616, -760)
(9, 2823, -788)
(9, 99, -298)
(9, 103, 1019)
(9, 1181, -740)
(9, 1315, -434)
(9, 3819, -372)
(9, 1189, -663)
(9, 102, -844)
(9, 2221, -955)
(9, 1343, -916)
(9, 1974, -752)
(9, 3224, 890)
(9, 1690, -907)
(9, 1001, 889)
(9, 2083, 8)
(9, 774, -711)
(9, 3599, -865)
(9, 280, -849)
(9, 2393, -724)
(9, 1303, -400)
(9, 908, -661)
(9, 422, -577)
(9, 2489, 790)
(9, 546, -588)
(9, 291, 260)
(9, 1536, -842)
(9, 1537, -853)
(9, 1628, -363)
(9, 2105, -778)
(9, 847, -751)
(9, 3649, -523)
(9, 1851, -532)
(9, 1906, -638)
(9, 1635, 366)
(9, 1641, 349)
(9, 252, -632)
(9, 1315, -684)
(9, 234, -513)
(9, 3583, -724)
(9, 1814, -504)
(9, 488, -791)
(9, 386, -555)
(9, 1122, -583)
(9, 1010, -644)
(9, 1811, -925)
(9, 183, -546)
(9, 1356, -787)
(9, 2531, -891)
(9, 1790, -906)
(9, 1339, -318)
(9, 1475, 458)
(9, 3843, 6)
(9, 3591, -601)
(9, 1890, 86)
(9, 186, -26)
(9, 1641, -289)
(9, 3036, -696)
(9, 1082, -953)
(9, 133, -692)
(9, 1166, -864)
(9, 560, 258)
(9, 1070, 1006)
(9, 1720, 862)
(9, 998, 1019)
(9, 1929, -642)
(9, 936, 428)
(9, 1022, -895)
(9, 212, 345)
(9, 762, -272)
(9, 1226, 969)
(9, 468, 797)
(9, 2487, -522)
(9, 3596, -773)
(9, 1381, -694)
(9, 302, -700)
(9, 1102, -838)
(10, 1202, -570)
(10, 3669, -701)
(10, 918, -567)
(10, 1972, -533)
(10, 913, -572)
(10, 744, -877)
(10, 1404, -991)
(10, 970, 944)
(10, 2423, 899)
(10, 2949, -570)
(10, 232, -430)
(10, 2860, -795)
(10, 3618, -997)
(10, 1981, -625)
(10, 1669, 929)
(10, 979, -540)
(10, 1477, -298)
(10, 2321, -916)
(10, 1015, -731)
(10, 3574, 613)
(10, 2585, 965)
(10, 713, 172)
(10, 1925, -1022)
(10, 194, -975)
(10, 856, -874)
(10, 3781, -902)
(10, 742, -760)
(10, 3088, -723)
(10, 1374, -689)
(10, 1145, -1002)
(10, 1900, -917)
(10, 1275, -860)
(10, 1469, -186)
(10, 3632, -696)
(10, 2510, 929)
(10, 3377, -825)
(10, 3080, 960)
(10, 65, -205)
(10, 934, -791)
(11, 1651, -570)
(11, 3065, -653)
(11, 1991, 1015)
(11, 2326, -915)
(11, 2754, 636)
(11, 1871, 383)
(11, 761, -862)
(11, 1498, -723)
(11, 3852, -902)
(11, 2424, 243)
(11, 1878, -854)
(11, 38, -235)
(11, 2554, 90)
(11, 449, -940)
(11, 1264, -566)
(11, 1358, -171)
(11, 609, -766)
(11, 994, -933)
(11, 658, 1014)
(11, 1840, -770)
(11, 3065, -929)
(11, 1035, 49)
(11, 3327, -841)
(11, 37, -956)
(11, 1765, -468)
(11, 863, -929)
(11, 1527, -316)
(11, 1758, -11)
(11, 3705, -947)
(11, 1397, 13)
(11, 1082, -938)
(11, 951, -946)
(11, 987, -990)
(11, 3407, 339)
(11, 191, -317)
(11, 747, -124)
(11, 543, -862)
(11, 767, -962)
(11, 672, -803)
(11, 734, -162)
(11, 1875, -776)
(11, 2839, -400)
(11, 872, -793)
(11, 17, -384)
(11, 603, 349)
(11, 2471, -695)
(11, 1206, -790)
(11, 702, 149)
(11, 1457, 275)
(11, 290, 682)
(11, 1547, 550)
(11, 3740, -867)
(11, 1131, 193)
(11, 3491, -520)
(11, 469, -526)
(11, 3232, 738)
(11, 461, -644)
(11, 1703, -151)
(11, 496, -689)
(11, 1185, 516)
(11, 3735, -261)
(11, 2078, -507)
(11, 1887, -592)
(11, 2902, -975)
(11, 3620, 575)
(11, 1805, -67)
(11, 2419, -854)
(11, 1299, -963)
(11, 1172, 678)
(11, 2400, -695)
(11, 2263, -573)
(11, 1505, 127)
(11, 1836, -534)
(11, 2769, -655)
(11, 1792, -767)
(11, 3622, -610)
(11, 3885, 18)
(11, 1927, -359)
(11, 1587, 432)
(11, 1467, -855)
(11, 3354, -296)
(11, 623, -569)
(11, 483, 997)
(11, 754, -729)
(11, 1215, -781)
(11, 324, 565)
(11, 1250, -722)
(11, 52, 863)
(11, 477, 588)
(11, 389, 685)
(11, 563, -898)
(11, 1034, 985)
(11, 1623, -772)
(11, 1601, -402)
(12, 349, -922)
(12, 371, -279)
(12, 1018, -815)
(12, 3603, -952)
(12, 3772, -881)
(12, 963, -767)
(12, 818, -527)
(12, 3849, 140)
(12, 1323, 534)
(12, 2483, -987)
(12, 1371, -671)
(12, 220, 773)
(12, 2103, -515)
(12, 266, -284)
(12, 589, -555)
(12, 3104, -416)
(12, 788, -902)
(12, 3829, -683)
(12, 60, -885)
(12, 956, 471)
(12, 1773, -25)
(12, 569, -1003)
(12, 1951, 978)
(12, 776, 426)
(12, 506, -600)
(12, 2546, 501)
(12, 297, -816)
(12, 965, 619)
(12, 1695, -910)
(12, 1846, -848)
(12, 780, -670)
(12, 643, -613)
(12, 1688, 519)
(12, 1653, -527)
(12, 1597, 650)
(12, 2410, -571)
(12, 1919, 130)
(12, 280, -857)
(12, 523, 810)
(12, 667, 13)
(12, 1941, -842)
(12, 1000, 171)
(12, 1037, -580)
(12, 2777, -997)
(12, 3568, -558)
(12, 526, 398)
(12, 1812, -598)
(12, 517, -708)
(12, 2362, -834)
(12, 110, -490)
(12, 1633, -997)
(12, 2729, -928)
(12, 1182, -879)
(12, 2888, 620)
(12, 111, -563)
(12, 1, -58)
(12, 347, 565)
(12, 3856, -823)
(12, 514, -672)
(12, 1915, -783)
(12, 1701, -971)
(12, 22, 402)
(12, 293, -560)
(12, 2546, -713)
(12, 3794, -649)
(12, 713, 333)
(12, 924, -624)
(12, 1940, -222)
(12, 2872, -966)
(12, 2687, -913)
(12, 1435, 467)
(12, 1141, -745)
(12, 3088, -690)
(12, 204, -724)
(13, 2434, -626)
(13, 3061, -982)
(13, 3171, 687)
(13, 1944, -839)
(13, 1580, 869)
(13, 532, -539)
(13, 2622, -798)
(13, 1176, -666)
(13, 576, 763)
(13, 1275, -769)
(13, 1840, 25)
(13, 2589, -926)
(13, 62, 786)
(13, 3125, -535)
(13, 990, -709)
(13, 532, 682)
(13, 3768, 478)
(13, 1555, -763)
(13, 1649, -748)
(13, 2335, -925)
(13, 1894, -938)
(13, 1773, -625)
(13, 1953, 641)
(13, 1419, -611)
(13, 2661, -1010)
(13, 1014, -535)
(13, 782, 1016)
(13, 478, -991)
(13, 2381, 546)
(13, 540, -562)
(13, 311, -640)
(13, 213, -919)
(13, 1714, 527)
(13, 1941, 572)
(13, 3582, -550)
(13, 701, -238)
(13, 2338, -873)
(13, 1982, -843)
(13, 1625, -73)
(13, 99, -989)
(13, 569, 15)
(13, 1834, -572)
(13, 1629, -714)
(13, 2831, -59)
(13, 1353, -637)
(13, 1214, 395)
(13, 2568, -753)
(13, 433, -666)
(13, 1921, -1006)
(13, 1448, -584)
(13, 1282, -407)
(13, 1980, -870)
(13, 1438, -436)
(13, 166, 263)
(13, 35, -663)
(13, 1958, -769)
(13, 96, -641)
(13, 3017, -594)
(13, 3701, -772)
(13, 112, -656)
(13, 1454, -698)
(13, 3309, 77)
(13, 3400, -838)
(13, 856, -740)
(13, 3251, -323)
(13, 98, -847)
(13, 278, -491)
(13, 1074, -709)
(13, 2410, 99)
(13, 1331, -643)
(13, 1666, -989)
(13, 1589, -736)
(13, 2976, -316)
(13, 2191, 106)
(13, 1338, -608)
(13, 686, -476)
(13, 3711, 531)
(13, 902, -981)
(13, 3702, -162)
(13, 629, -800)
(13, 638, -62)
(13, 1590, -859)
(13, 1872, -776)
(13, 2063, -634)
(14, 750, -739)
(14, 266, 327)
(14, 815, -617)
(14, 319, -674)
(14, 367, -253)
(14, 158, -554)
(14, 565, 343)
(14, 1962, -958)
(14, 1046, -389)
(14, 542, -767)
(14, 1854, -588)
(14, 3153, -563)
(14, 224, 574)
(14, 3181, 694)
(14, 2398, 23)
(14, 1450, 63)
(14, 605, -899)
(14, 2364, -944)
(14, 438, -597)
(14, 1146, 698)
(14, 704, -525)
(14, 2593, -850)
(14, 1347, 884)
(14, 210, -812)
(14, 3031, -632)
(14, 486, -913)
(14, 533, 692)
(14, 1180, -800)
(14, 1701, 307)
(14, 3335, -735)
(14, 3954, -806)
(14, 954, 884)
(14, 311, 1019)
(14, 570, -884)
(14, 3879, -531)
(14, 2180, -674)
(14, 1682, -859)
(14, 770, -561)
(14, 1369, -544)
(14, 3759, -948)
(14, 223, -668)
(14, 963, -69)
(14, 1328, -674)
(14, 1960, 532)
(14, 628, -613)
(14, 1473, -923)
(14, 1520, -620)
(14, 812, -1011)
(14, 219, -897)
(14, 1424, -696)
(14, 3211, -760)
(14, 533, -705)
(14, 59, -583)
(14, 318, -606)
(14, 1042, 882)
(14, 3823, -52)
(14, 1296, -599)
(14, 700, 774)
(14, 2831, -1023)
(14, 822, -921)
(14, 405, -964)
(14, 1561, -860)
(14, 1236, 342)
(14, 1531, -538)
(14, 3798, 881)
(14, 1197, 996)
(14, 541, 785)
(14, 2515, -569)
(14, 735, -781)
(14, 672, -972)
(14, 995, -374)
(14, 1463, -698)
(14, 1522, -713)
(14, 581, -768)
(14, 1576, -823)
(14, 1652, -540)
(14, 1370, 1013)
(14, 1897, -533)
(14, 888, -113)
(14, 438, -895)
(14, 1079, -593)
(14, 1304, -592)
(14, 51, -574)
(14, 56, -577)
(14, 1834, 201)
(14, 368, -976)
(14, 1524, -972)
(14, 1904, -812)
(14, 3003, 483)
(14, 1073, -999)
(14, 694, 645)
(14, 2104, -1008)
(14, 201, 632)
(14, 2699, -899)
(14, 815, -573)
(14, 2599, -163)
(14, 3730, -73)
(14, 2823, 636)
(14, 609, -682)
(14, 474, -768)
(14, 1551, -590)
(14, 1021, -721)
(14, 796, -956)
(14, 1593, 1012)
(14, 458, -534)
(14, 159, 386)
(14, 3734, -950)
(14, 442, -661)
(14, 1151, -923)
(14, 265, -659)
(14, 1218, -760)
(14, 1257, -849)
(14, 381, 268)
(14, 3807, -859)
(14, 1755, 683)
(14, 3598, -952)
(14, 568, 18)
(14, 2929, 924)
(14, 3032, -828)
(14, 1594, 588)
(14, 3783, -161)
(14, 3492, -539)
(14, 851, -354)
(14, 872, -561)
(14, 1468, 726)
(14, 1549, 728)
(14, 3750, 524)
(14, 281, -649)
(14, 574, -605)
(14, 1202, -567)
(14, 304, 436)
(14, 1972, -368)
(14, 1541, 436)
(14, 3772, -986)
(14, 111, -965)
(14, 3935, -734)
(14, 153, -750)
(14, 1386, -379)
(14, 2924, -748)
(14, 1801, -965)
(14, 1432, 147)
(14, 1325, 841)
(14, 1221, -402)
(14, 234, -324)
(14, 1374, -860)
(14, 943, -906)
(14, 1211, 909)
(14, 384, -825)
(14, 1931, -976)
(14, 1503, -947)
(14, 2285, -904)
(14, 2789, -823)
(14, 2482, -614)
(14, 1269, -611)
(14, 1451, 849)
(14, 703, -736)
(14, 1274, -824)
(14, 880, -504)
(14, 773, 701)
(14, 1905, -932)
(14, 845, -647)
(14, 681, -857)
(14, 1701, -980)
(14, 2145, -959)
(14, 132, -575)
(14, 1353, -229)
(14, 3762, -579)
(14, 591, -527)
(14, 1270, -618)
(14, 3966, -598)
(14, 3193, -777)
(14, 507, -782)
(14, 936, -637)
(14, 1370, -990)
(15, 1082, -650)
(15, 3887, -603)
(15, 1090, -624)
(15, 1902, -752)
(15, 303, -412)
(15, 219, -741)
(15, 1570, -598)
(15, 2900, -886)
(15, 1403, -385)
(15, 1714, 433)
(15, 1202, 212)
(15, 1302, 855)
(15, 829, -636)
(15, 3913, -797)
(15, 960, -941)
(15, 512, -232)
(15, 3118, -754)
(15, 1990, -436)
(16, 3352, -877)
(16, 1938, -872)
(16, 1282, 198)
(16, 1134, -514)
(16, 843, -756)
(16, 1636, -676)
(16, 797, -674)
(16, 1678, -791)
(16, 127, -766)
(16, 73, -599)
(16, 147, -633)
(16, 1716, -550)
(16, 1026, -327)
(16, 1933, 544)
(16, 1888, -246)
(16, 588, 302)
(16, 1702, -797)
(16, 3642, -669)
(16, 160, -823)
(16, 3350, -112)
(16, 93, -666)
(16, 3439, -673)
(16, 434, -528)
(16, 1757, 554)
(16, 1094, -739)
(16, 3818, -953)
(16, 3680, -444)
(16, 280, -933)
(16, 1329, -25)
(16, 1982, -807)
(16, 83, -709)
(16, 429, -153)
(16, 3046, -928)
(16, 3892, -821)
(16, 1517, -544)
(16, 507, -103)
(16, 116, -853)
(16, 988, -785)
(16, 21, -950)
(16, 1657, 593)
(16, 51, -567)
(16, 1138, 308)
(16, 497, -554)
(16, 1722, -932)
(16, 1824, -902)
(16, 1940, 707)
(16, 1235, -930)
(16, 812, -699)
(16, 1587, -690)
(16, 3289, -851)
(16, 1333, -901)
(16, 168, -569)
(16, 1046, -534)
(16, 3370, -641)
(16, 1207, -766)
(16, 1060, -877)
(16, 1804, -575)
(16, 2412, -847)
(16, 105, -687)
(16, 650, -990)
(17, 266, 754)
(17, 1922, -805)
(17, 3174, -337)
(17, 1235, -703)
(17, 1445, 604)
(17, 731, 190)
(17, 3044, 157)
(17, 1382, -709)
(17, 3964, -628)
(17, 713, -870)
(17, 1967, -4)
(17, 3863, -180)
(17, 3370, -743)
(17, 935, -939)
(17, 725, -924)
(17, 1525, -622)
(17, 589, 1000)
(17, 2829, -720)
(17, 1285, 663)
(17, 2124, -883)
(17, 3323, -603)
(17, 3056, 46)
(17, 733, -662)
(17, 2029, -644)
(17, 1077, -831)
(17, 2230, -1000)
(17, 1720, -923)
(17, 778, -603)
(17, 960, -862)
(17, 900, 442)
(17, 2085, -689)
(17, 3836, -853)
(17, 52, 841)
(17, 553, -614)
(17, 1656, -565)
(17, 2897, -787)
(17, 2089, -983)
(17, 2589, -992)
(17, 1250, -857)
(17, 2590, -978)
(17, 2482, -691)
(17, 1841, -621)
(17, 2089, -819)
(17, 1993, -713)
(17, 3251, -1018)
(17, 718, -987)
(17, 187, -528)
(17, 3704, -950)
(17, 2705, -447)
(17, 2239, 383)
(17, 2619, 304)
(17, 651, -832)
(17, 1580, -573)
(17, 1187, -196)
(17, 1012, -702)
(17, 3661, 874)
(17, 2736, -947)
(17, 1858, -253)
(17, 2738, -699)
(17, 1109, -524)
(17, 1219, -757)
(17, 2201, -1002)
(17, 939, -980)
(17, 1542, -919)
(17, 2327, 893)
(17, 223, -583)
(17, 1301, 182)
(17, 3400, 156)
(17, 34, -603)
(17, 973, 362)
(17, 1149, 321)
(17, 99, -853)
(17, 3297, 1007)
(17, 3941, -938)
(17, 3584, -549)
(17, 349, -636)
(17, 3332, -777)
(17, 350, -284)
(17, 328, 616)
(17, 1758, -876)
(17, 871, -691)
(17, 3489, -719)
(17, 30, -457)
(17, 1526, 300)
(17, 1423, -755)
(17, 807, -652)
(17, 1251, -833)
(18, 205, -662)
(18, 493, -837)
(18, 1816, -36)
(18, 1402, -738)
(18, 2689, -873)
(18, 1307, -641)
(18, 1158, -543)
(18, 1466, -864)
(18, 989, 643)
(18, 882, -181)
(18, 1980, -860)
(18, 928, -936)
(18, 603, 739)
(18, 679, 99)
(18, 228, -965)
(18, 2402, -624)
(18, 1660, -610)
(18, 248, -603)
(18, 2495, -814)
(18, 833, -867)
(18, 903, 262)
(18, 1281, -890)
(18, 3011, -439)
(18, 1767, -880)
(18, 805, -604)
(18, 177, 734)
(18, 1210, -517)
(18, 1895, 388)
(18, 1017, -981)
(18, 1144, 648)
(18, 1984, -229)
(18, 1290, -637)
(18, 3870, 845)
(18, 1519, -664)
(18, 786, -872)
(18, 1233, 40)
(18, 2121, 932)
(18, 1829, -705)
(18, 434, 230)
(18, 1263, -262)
(18, 2632, -618)
(18, 590, -546)
(18, 781, -552)
(18, 43, -822)
(18, 1636, 164)
(18, 1002, -1012)
(18, 1367, 379)
(18, 520, -813)
(18, 2587, 654)
(18, 3093, -670)
(18, 1503, -74)
(18, 1239, -612)
(18, 214, -646)
(18, 1391, -984)
(18, 3189, -627)
(18, 912, -698)
(18, 2913, -198)
(18, 2670, -941)
(18, 2459, -912)
(18, 902, -671)
(18, 261, -568)
(18, 10, -944)
(18, 263, -686)
(18, 343, -984)
(18, 3215, 1009)
(18, 162, -124)
(18, 2660, -703)
(18, 1117, -647)
(18, 324, -939)
(18, 1669, -829)
(18, 3404, 621)
(18, 2303, -607)
(18, 529, -775)
(18, 922, -863)
(18, 584, 828)
(18, 225, -885)
(18, 1397, -636)
(18, 345, -729)
(18, 3525, -842)
(18, 3730, -920)
(18, 402, 956)
(18, 1598, 344)
(18, 267, -688)
(18, 2039, -693)
(18, 139, -128)
(18, 2717, 928)
(18, 159, -556)
(18, 187, -399)
(18, 606, -1006)
(18, 203, -989)
(18, 2125, -755)
(18, 1289, -828)
(18, 786, -592)
(18, 2141, -976)
(18, 1128, 60)
(18, 1869, -811)
(18, 1992, -942)
(18, 558, -614)
(18, 75, -684)
(18, 125, -900)
(18, 1671, -680)
(18, 1599, -559)
(18, 507, 261)
(18, 327, -985)
(18, 688, -325)
(18, 1898, -939)
(18, 1454, -188)
(18, 1649, -964)
(18, 1856, -603)
(18, 234, -688)
(18, 1075, -966)
(18, 1007, -183)
(18, 1196, -968)
(18, 495, -688)
(18, 3387, 586)
(18, 1284, -932)
(18, 1550, 230)
(18, 908, 591)
(18, 3455, -519)
(18, 3386, 635)
(18, 2241, -533)
(18, 2944, 463)
(18, 1155, 682)
(18, 1782, -901)
(18, 1748, -515)
(18, 54, 191)
(18, 167, -727)
(18, 142, 699)
(18, 1788, 876)
(18, 3374, -738)
(18, 870, -75)
(18, 623, -895)
(18, 1065, -520)
(18, 2245, -753)
(18, 933, -662)
(18, 1325, -595)
(18, 1285, -809)
(18, 1016, -119)
(18, 1498, 624)
(18, 239, -368)
(18, 1607, -996)
(18, 2912, -333)
(18, 1791, -693)
(18, 1945, -581)
(18, 898, 138)
(18, 867, -514)
(18, 1214, 53)
(18, 1725, 951)
(18, 1554, -899)
(18, 1255, -434)
(18, 157, -660)
(18, 215, 555)
(18, 1258, 767)
(18, 765, -987)
(18, 403, -564)
(18, 3504, -569)
(18, 925, -695)
(18, 2499, -813)
(18, 1620, -658)
(18, 683, -531)
(18, 1245, -341)
(18, 2723, 519)
(18, 585, -1017)
(18, 2305, -6)
(18, 3483, 235)
(18, 3783, -390)
(18, 3455, 19)
(18, 111, 176)
(18, 1283, -534)
(18, 3016, 598)
(18, 2847, -180)
(18, 1523, 451)
(18, 1434, -637)
(18, 751, -823)
(18, 903, 534)
(18, 2400, -923)
(18, 1469, 695)
(18, 1647, -815)
(18, 1965, -569)
(18, 498, -551)
(18, 149, -125)
(18, 127, -808)
(18, 604, -949)
(18, 103, 21)
(18, 1188, -588)
(18, 2184, 360)
(18, 3547, -940)
(18, 583, -938)
(18, 1349, -893)
(18, 160, -508)
(19, 329, -773)
(19, 996, -701)
(19, 1933, -868)
(19, 642, -808)
(19, 1365, -844)
(19, 705, -603)
(19, 3391, -332)
(19, 927, 72)
(19, 538, -787)
(19, 3676, -699)
(19, 781, -1006)
(19, 244, -913)
(19, 1200, -786)
(19, 764, 752)
(19, 1344, -363)
(19, 1045, -787)
(19, 3686, 467)
(19, 3628, 809)
(19, 1878, 1021)
(19, 2827, 27)
(19, 1557, -620)
(19, 2463, -350)
(19, 1894, -935)
(19, 3730, 631)
(19, 1883, 233)
(19, 854, -986)
(19, 1891, -619)
(19, 1748, 70)
(19, 183, -284)
(19, 594, -693)
(19, 3726, -819)
(19, 474, -773)
(19, 1065, -161)
(19, 1321, 228)
(19, 1218, -1010)
(19, 2781, -975)
(19, 3705, -936)
(19, 1655, -990)
(19, 1316, -844)
(19, 2897, -719)
(19, 2543, -876)
(19, 217, -586)
(19, 673, -986)
(19, 392, -653)
(19, 321, 564)
(19, 535, -823)
(19, 148, -627)
(19, 918, -807)
(19, 1417, -262)
(19, 442, -680)
(19, 1147, -217)
(19, 3086, -852)
(19, 3939, -767)
(19, 3060, -813)
(19, 505, -849)
(19, 465, -28)
(19, 3059, -658)
(19, 784, -539)
(19, 116, -649)
(19, 1222, -971)
(19, 1901, -964)
(19, 1082, 687)
(19, 759, -201)
(19, 154, -229)
(19, 1969, -559)
(19, 1320, 315)
(19, 1310, -783)
(19, 12, -59)
(19, 862, -691)
(19, 1675, 75)
(19, 1455, 211)
(19, 1162, -596)
(19, 755, -522)
(19, 1321, -767)
(19, 2138, -11)
(19, 3813, -924)
(19, 2343, -802)
(19, 868, -665)
(19, 2915, 713)
(19, 495, -969)
(19, 799, -700)
(19, 2732, -923)
(19, 3425, -618)
(19, 1183, -782)
(19, 1371, -585)
(19, 1884, -518)
(19, 3793, -812)
(19, 1434, -625)
(19, 2278, -689)
(19, 3200, -136)
(19, 677, 952)
(19, 3840, -514)
(20, 1126, -833)
(20, 1032, 688)
(20, 3610, -398)
(20, 200, -633)
(20, 2389, -858)
(20, 1339, 925)
(20, 1539, -188)
(20, 1759, -801)
(20, 1773, -564)
(20, 143, -41)
(20, 152, 309)
(20, 2471, -973)
(20, 756, 355)
(20, 858, -620)
(20, 1270, -303)
(20, 893, 49)
(20, 1346, 869)
(20, 2670, -845)
(20, 3235, 822)
(20, 223, 594)
(20, 785, 624)
(20, 1928, -811)
(20, 333, -65)
(20, 2324, -756)
(20, 160, 170)
(20, 3948, 798)
(20, 745, -728)
(20, 964, -513)
(20, 1821, -762)
(20, 3143, 173)
(20, 3770, -262)
(20, 893, -638)
(20, 520, -942)
(20, 3188, -795)
(20, 1049, -986)
(20, 1460, 191)
(20, 1624, 775)
(20, 637, -788)
(20, 1758, 182)
(20, 1106, -753)
(20, 623, 151)
(20, 1895, -688)
(20, 1101, -734)
(20, 788, -187)
(20, 3788, 163)
(20, 865, -775)
(20, 3833, -805)
(21, 3620, -290)
(21, 723, 24)
(21, 1721, -609)
(21, 1065, -139)
(21, 1996, 217)
(21, 1445, -881)
(21, 3783, -758)
(21, 268, -1018)
(21, 87, -635)
(21, 3166, 210)
(21, 1880, -766)
(21, 999, 202)
(21, 1701, -1016)
(21, 2626, -755)
(21, 1484, -770)
(21, 263, -572)
(22, 773, -280)
(22, 833, 70)
(22, 1106, -788)
(22, 1161, -379)
(22, 126, -627)
(22, 1248, -582)
(22, 3849, -430)
(22, 3559, -984)
(22, 820, 415)
(22, 2076, -101)
(22, 3628, 800)
(22, 1291, -606)
(22, 2770, -664)
(22, 62, 633)
(22, 1722, -821)
(22, 1467, 362)
(22, 1819, -999)
(22, 531, 740)
(22, 396, 340)
(22, 1460, 12)
(22, 21, 858)
(22, 1324, -714)
(22, 1274, -945)
(22, 1479, -888)
(22, 2097, -727)
(22, 935, 552)
(22, 3356, -622)
(22, 1754, 59)
(22, 3745, 818)
(22, 207, -576)
(22, 2604, -987)
(22, 1836, -182)
(22, 47, -982)
(22, 543, 519)
(22, 2952, -225)
(22, 1081, -92)
(22, 1886, -717)
(22, 3950, -534)
(22, 662, -903)
(22, 1117, -844)
(22, 305, -137)
(22, 672, -777)
(22, 1297, -534)
(22, 440, -738)
(22, 3596, 479)
(22, 333, -626)
(22, 2669, 244)
(22, 982, -577)
(22, 1656, 23)
(22, 1353, 979)
(22, 394, -725)
(22, 1358, -92)
(22, 300, -574)
(22, 2351, -628)
(22, 1349, -566)
(22, 3668, 101)
(22, 994, -646)
(22, 469, -158)
(23, 3121, -614)
(23, 1371, -861)
(23, 2529, -941)
(23, 1449, -757)
(23, 3942, -618)
(23, 3253, 269)
(23, 3617, 979)
(23, 6, -540)
(23, 1777, -453)
(23, 3561, -739)
(23, 40, -537)
(23, 1346, -871)
(23, 1324, -530)
(23, 225, -667)
(23, 1292, -984)
(23, 1362, -771)
(23, 1454, 946)
(23, 757, 56)
(23, 829, -871)
(23, 1252, 17)
(23, 1127, -902)
(23, 1080, -607)
(23, 2200, -794)
(23, 509, -848)
(23, 502, -570)
(23, 1198, -723)
(23, 2260, -539)
(23, 3602, 269)
(23, 1864, 643)
(23, 295, -970)
(23, 333, -855)
(23, 2682, -963)
(23, 2638, -583)
(23, 1654, -991)
(23, 1254, -900)
(23, 1135, 555)
(23, 374, -537)
(23, 910, -536)
(23, 1039, 306)
(23, 477, 447)
(23, 525, -68)
(24, 739, 811)
(24, 3773, -590)
(24, 1760, 244)
(24, 894, -927)
(24, 515, -870)
(24, 880, -629)
(24, 2192, -538)
(24, 3769, -698)
(24, 1744, -563)
(24, 384, -940)
(24, 1552, -969)
(24, 963, 215)
(24, 163, -569)
(24, 3006, 676)
(24, 1160, 17)
(24, 1173, -600)
(24, 1828, -989)
(24, 1118, 247)
(24, 2661, -313)
(24, 180, -612)
(24, 269, -477)
(24, 1492, -823)
(24, 685, -887)
(24, 1103, -103)
(24, 613, -878)
(24, 128, -733)
(24, 1024, -516)
(24, 864, -617)
(24, 1866, 105)
(24, 413, 125)
(24, 1457, -823)
(24, 2370, -839)
(24, 3626, -815)
(24, 473, -70)
(24, 3541, -797)
(24, 558, -654)
(24, 2465, -949)
(24, 1540, 769)
(24, 1138, -658)
(24, 784, -661)
(24, 824, -806)
(24, 3147, -476)
(24, 1321, 14)
(24, 3439, 279)
(24, 808, -929)
(24, 2748, -958)
(24, 3871, -908)
(24, 1600, 374)
(24, 439, -943)
(24, 1629, 671)
(24, 1542, -514)
(24, 1071, 788)
(24, 3348, -814)
(24, 1953, -706)
(24, 3141, -745)
(24, 3190, 665)
(25, 333, -909)
(25, 990, -751)
(25, 85, 827)
(25, 680, 522)
(25, 1946, -960)
(25, 150, 841)
(25, 3360, -1004)
(25, 450, 917)
(25, 743, 603)
(25, 1399, -931)
(26, 16, 22)
(26, 909, 236)
(26, 228, -1003)
(26, 1574, -237)
(26, 2176, -772)
(26, 1754, -700)
(26, 131, -1000)
(26, 2060, -782)
(26, 1394, -537)
(26, 1631, -908)
(26, 839, -599)
(26, 1011, -748)
(26, 675, -25)
(26, 285, -963)
(26, 844, 101)
(26, 3571, -533)
(26, 1580, 375)
(26, 3106, -128)
(26, 1889, 715)
(26, 1597, -734)
(26, 3689, 293)
(26, 1503, -843)
(26, 1212, -524)
(26, 1411, -702)
(26, 1027, -966)
(26, 651, -531)
(26, 474, 604)
(26, 1322, -664)
(26, 1893, -8)
(26, 325, -157)
(26, 3014, -347)
(26, 2901, -486)
(26, 29, -65)
(26, 715, -756)
(26, 3201, -641)
(26, 927, -860)
(26, 386, -555)
(26, 1977, -914)
(26, 2710, 66)
(26, 595, -80)
(26, 483, -563)
(26, 1474, 674)
(26, 7, -852)
(26, 364, -501)
(26, 1758, -334)
(26, 1605, -900)
(26, 584, -973)
(26, 1336, -966)
(26, 1535, -998)
(26, 307, -794)
(26, 305, -904)
(26, 3661, -830)
(26, 1743, 374)
(26, 723, 989)
(26, 1955, -579)
(26, 2372, 706)
(26, 1284, -774)
(26, 335, -764)
(26, 1303, -604)
(26, 826, -735)
(26, 41, -565)
(26, 820, -681)
(26, 263, -694)
(26, 1903, -769)
(26, 1956, -704)
(26, 2729, -1014)
(26, 943, -748)
(26, 2001, -811)
(26, 1768, -560)
(26, 1675, -269)
(26, 3070, -578)
(26, 100, -594)
(27, 3193, -483)
(27, 2790, 373)
(27, 1130, -918)
(28, 2243, 797)
(28, 2355, -852)
(28, 1243, -1006)
(28, 3969, -810)
(28, 3883, 328)
(28, 1130, 980)
(28, 2445, 356)
(28, 2799, -687)
(28, 1634, -942)
(28, 1001, -60)
(28, 252, -241)
(28, 2705, 174)
(28, 1042, 437)
(28, 3238, -827)
(29, 966, 273)
(29, 1223, 374)
(29, 259, -944)
(29, 1605, -656)
(29, 453, -763)
(29, 1622, -669)
(29, 1394, -874)
(29, 710, -664)
(29, 419, -909)
(29, 3333, -714)
(29, 2872, 801)
(29, 1868, -923)
(29, 1336, 538)
(29, 605, -840)
(29, 1166, -883)
(29, 304, 536)
(29, 1258, -619)
(29, 922, -673)
(29, 54, -593)
(29, 1150, -476)
(29, 2958, 373)
(29, 2422, -539)
(29, 2990, 509)
(29, 2730, -852)
(29, 1692, -707)
(29, 526, 881)
(29, 109, -734)
(29, 1159, -721)
(29, 1653, -843)
(29, 150, -302)
(29, 1818, -301)
(29, 1381, -790)
(29, 170, -598)
(29, 1891, -615)
(29, 952, -614)
(29, 1313, -815)
(29, 3004, -627)
(29, 1493, -1000)
(29, 1961, -592)
(29, 1100, -105)
(29, 449, 198)
(29, 1359, -494)
(29, 1230, -666)
(29, 2215, -873)
(29, 1256, -965)
(29, 330, -507)
(29, 1849, -944)
(29, 1817, -869)
(29, 1685, -901)
(29, 2120, -647)
(29, 551, 228)
(29, 661, -697)
(29, 1641, -600)
(29, 1964, -682)
(29, 1456, -750)
(29, 1656, 8)
(29, 1986, -894)
(29, 2353, 46)
(29, 3113, -512)
(29, 2814, -965)
(29, 1331, -690)
(29, 419, 905)
(29, 3745, -46)
(29, 612, -588)
(29, 843, 150)
(29, 2147, -810)
(29, 580, -968)
(29, 1497, 715)
(29, 3858, 32)
(29, 529, -807)
(29, 378, 161)
(29, 1889, -619)
(29, 2998, -771)
(29, 1184, 555)
(29, 1332, -591)
(29, 3787, -992)
(29, 3573, 279)
(29, 59, -939)
(29, 888, -83)
(29, 1607, -749)
(29, 1526, -771)
(29, 1733, -865)
(29, 532, 578)
(29, 1633, 954)
(29, 3674, -626)
(29, 1951, 739)
(29, 3194, -709)
(29, 98, 934)
(29, 868, -780)
(29, 381, -664)
(29, 1217, -946)
(29, 512, -908)
(29, 270, -670)
(29, 3175, -545)
(29, 1332, -240)
(29, 2948, 868)
(29, 673, -461)
(29, 3406, -808)
(29, 665, -579)
(29, 3645, -987)
(29, 69, -679)
(29, 2693, -931)
(29, 2099, -963)
(29, 323, -659)
(29, 699, -963)
(29, 823, -840)
(29, 2626, -1020)
(29, 184, -715)
(29, 472, 525)
(29, 886, -51)
(29, 1301, -581)
(30, 487, -761)
(30, 1535, -525)
(30, 293, -512)
(30, 2616, -352)
(30, 1254, 284)
(30, 1696, 203)
(30, 2629, -214)
(30, 1479, -884)
(30, 233, -840)
(30, 3262, -532)
(30, 3814, -196)
(30, 336, -708)
(30, 966, 27)
(30, 1593, 151)
(30, 569, -987)
(30, 85, -913)
(30, 173, -801)
(30, 1466, -79)
(30, 2678, -439)
(30, 1829, -802)
(30, 1614, 214)
(30, 3209, -524)
(30, 2046, -709)
(30, 1193, 366)
(30, 502, 922)
(30, 1462, 881)
(30, 229, -828)
(30, 970, -866)
(30, 702, -1011)
(30, 1203, -538)
(30, 1192, 607)
(30, 202, -796)
(30, 87, -594)
(30, 237, -932)
(30, 359, -931)
(30, 19, -377)
(30, 2621, -838)
(30, 3785, -194)
(30, 1938, -890)
(30, 932, -522)
(30, 3367, -1007)
(30, 1747, -15)
(30, 819, 900)
(30, 1036, 825)
(30, 3853, 337)
(30, 2390, 682)
(30, 64, -881)
(31, 3011, -983)
(31, 215, -812)
(31, 879, 1022)
(31, 633, 838)
(31, 1465, -573)
(31, 1957, -608)
(31, 1976, -976)
(31, 1686, -661)
(31, 798, -544)
(31, 2318, -678)
(31, 425, -758)
(31, 2549, 710)
(31, 1255, 958)
(31, 1515, -997)
(31, 1498, 859)
(31, 1485, 40)
(31, 1138, 833)
(31, 1923, -235)
(31, 687, 443)
(31, 3228, -406)
(31, 1287, 1006)
(31, 772, -619)
(31, 200, 120)
(31, 603, -967)
(31, 1092, 467)
(31, 962, -591)
(31, 937, -785)
(31, 2331, 698)
(31, 244, -587)
(31, 909, 142)
(31, 1186, 502)
(31, 3645, -870)
(31, 3521, 53)
(31, 1385, -532)
(31, 833, -771)
(31, 678, 917)
(31, 1586, -920)
(31, 878, 803)
(31, 2848, -853)
(31, 1851, -802)
(31, 2399, -977)
(31, 247, -565)
(31, 1601, -386)
(31, 3374, -1000)
(31, 2752, -848)
(31, 1876, -220)
(31, 463, -891)
(31, 2726, -849)
(31, 531, -403)
(31, 181, -678)
(31, 1145, -39)
(31, 117, -573)
(31, 184, 658)
(31, 1740, -598)
(31, 1731, 960)
(31, 797, 341)
(31, 1250, -814)
(31, 578, -643)
(31, 1319, -576)
(31, 1952, -992)
(31, 1027, -725)
(31, 426, -951)
(31, 681, 552)
(31, 539, -967)
(31, 1278, -275)
(31, 587, 876)
(31, 2978, -438)
(31, 3135, -725)
(31, 1533, 859)
(31, 3340, -773)
(31, 1380, -846)
(31, 3642, -1005)
(31, 3489, -199)
(31, 1319, -855)
(31, 35, -819)
(31, 710, -502)
(31, 2589, -339)
(31, 1444, -155)
(31, 120, -702)
(31, 1126, 942)
(31, 3886, -729)
(31, 416, -863)
(31, 412, -1001)
(31, 2302, -857)
(31, 375, -419)
(31, 678, -615)
(31, 904, -546)
(31, 3589, -572)
(31, 667, -615)
(31, 2766, 841)
(31, 1246, -961)
(31, 579, -791)
(31, 1982, 37)
(31, 457, -586)
(31, 1093, -679)
(31, 1083, 587)
(31, 2819, -877)
(31, 3551, 460)
(31, 1858, -773)
(31, 1272, -287)
(31, 476, 799)
(31, 2455, 655)
(31, 306, -945)
(31, 432, 762)
(31, 536, -869)
(31, 1346, 107)
(31, 501, 1006)
(31, 2408, -704)
(31, 534, -756)
(31, 1341, -580)
(31, 1721, -359)
(31, 3590, -836)
(31, 268, -547)
(31, 1578, -896)
(31, 364, -623)
(31, 1074, -367)
(31, 430, -208)
(31, 2579, 690)
(31, 588, -611)
(31, 125, 400)
(31, 377, -748)
(31, 1317, -999)
(31, 1036, 249)
(32, 916, -18)
(32, 701, -542)
(32, 3336, -623)
(32, 1731, -525)
(32, 500, -549)
(32, 179, -1017)
(32, 936, 915)
(32, 152, -814)
(32, 459, -855)
(32, 1835, 996)
(32, 96, -796)
(32, 401, -922)
(32, 838, -562)
(32, 302, -795)
(32, 1279, -772)
(32, 1996, -860)
(32, 395, -706)
(32, 1469, -19)
(32, 2903, -910)
(32, 424, 210)
(32, 1024, -935)
(32, 1480, -590)
(32, 3034, -953)
(32, 2729, -869)
(32, 1121, 87)
(32, 444, -980)
(32, 953, -896)
(32, 805, 462)
(32, 3128, -907)
(32, 1887, -938)
(32, 752, -125)
(32, 891, -917)
(32, 1931, -118)
(32, 434, -993)
(32, 3443, -958)
(32, 549, -926)
(32, 1543, -632)
(32, 2941, 308)
(32, 695, -741)
(32, 1174, -914)
(32, 1936, -828)
(32, 1250, -729)
(32, 964, -68)
(32, 1305, -584)
(32, 1084, 720)
(32, 911, -750)
(32, 3708, 977)
(32, 3429, -521)
(32, 1077, -604)
(32, 1511, -623)
(32, 1849, -20)
(32, 1107, -58)
(32, 1371, 897)
(32, 738, 666)
(32, 739, -696)
(32, 584, -593)
(32, 455, 790)
(32, 1565, -182)
(32, 2417, -900)
(32, 65, -546)
(32, 1672, -677)
(32, 943, -932)
(32, 1671, 932)
(32, 1899, -805)
(32, 3512, 39)
(32, 1777, -932)
(32, 2986, -826)
(32, 1000, 234)
(32, 239, 1006)
(32, 1007, -398)
(32, 1167, -922)
(32, 453, -784)
(32, 1338, -1023)
(32, 1606, 1013)
(32, 1504, -985)
(32, 1390, -866)
(32, 1046, -514)
(32, 202, -816)
(32, 2516, -523)
(32, 1112, 965)
(32, 970, 19)
(32, 489, -843)
(32, 2782, -697)
(32, 1012, -981)
(32, 414, -975)
(32, 277, -96)
(32, 87, -577)
(32, 3338, -912)
(32, 3847, -1009)
(32, 1442, -670)
(32, 835, -901)
(32, 1593, -721)
(32, 1197, -852)
(32, 2803, 534)
(32, 537, -689)
(32, 1855, -902)
(32, 2182, -599)
(32, 340, -491)
(32, 2345, -819)
(32, 409, -848)
(32, 15, -566)
(32, 3221, -336)
(32, 1033, -595)
(32, 426, -725)
(32, 1780, 709)
(32, 2228, -669)
(32, 811, 846)
(32, 671, -967)
(32, 135, -868)
(32, 2518, -256)
(32, 394, 444)
(32, 31, -960)
(32, 1020, -708)
(32, 479, 99)
(32, 1291, -963)
(32, 1802, -563)
(32, 609, -519)
(32, 1522, -508)
(32, 1212, 1023)
(32, 1601, 23)
(32, 308, -823)
(32, 683, -961)
(32, 593, -1000)
(32, 1328, -935)
(32, 3676, 458)
(32, 590, -895)
(32, 3142, -793)
(32, 1803, -828)
(32, 1337, -1002)
(32, 3220, -1016)
(32, 3246, -718)
(32, 1634, 200)
(32, 1099, -438)
(32, 115, -575)
(32, 1441, -786)
(32, 519, 784)
(32, 1691, 674)
(32, 802, 41)
(32, 241, -920)
(32, 521, -622)
(32, 3194, -915)
(32, 3129, 519)
(32, 915, -567)
(32, 2613, 798)
(32, 80, -689)
(32, 1739, 89)
(32, 215, -719)
(32, 1440, -671)
(32, 1571, -1005)
(32, 1451, -35)
(32, 1300, 196)
(32, 2563, -957)
(32, 2493, 372)
(32, 1156, -779)
(32, 3334, -560)
(32, 364, 520)
(32, 381, 292)
(32, 1696, -673)
(32, 1323, 301)
(32, 36, -879)
(32, 1418, -813)
(32, 1585, -555)
(32, 2809, -527)
(32, 683, -516)
(32, 97, -712)
(32, 247, -687)
(32, 972, -934)
(32, 1423, -784)
(32, 3357, -655)
(32, 275, -755)
(32, 1770, -112)
(32, 3645, 936)
(32, 101, 163)
(32, 169, -576)
(33, 147, 881)
(33, 310, -647)
(33, 808, -619)
(33, 1164, -365)
(33, 99, -812)
(33, 258, -810)
(33, 1732, -1007)
(33, 1853, -957)
(33, 2769, 657)
(33, 1115, -829)
(33, 456, -702)
(33, 1134, -1017)
(33, 132, -629)
(33, 125, -890)
(33, 1369, -416)
(33, 267, -529)
(33, 2333, -338)
(33, 982, 778)
(33, 2519, -875)
(33, 1438, -768)
(33, 176, -956)
(33, 1138, -837)
(33, 98, -906)
(33, 277, 950)
(33, 1440, -860)
(33, 3329, -597)
(33, 2571, 607)
(33, 1206, -141)
(33, 1487, -649)
(33, 544, -930)
(33, 2890, -707)
(33, 371, -985)
(33, 1929, 834)
(33, 1864, -737)
(33, 3789, -888)
(33, 1189, -533)
(33, 840, -579)
(33, 2274, -305)
(33, 3305, -590)
(33, 3745, -634)
(33, 1967, 764)
(33, 336, -935)
(33, 1941, -869)
(33, 2697, -211)
(33, 967, -934)
(33, 1436, -670)
(33, 494, -614)
(33, 134, -1003)
(33, 560, 150)
(33, 917, 811)
(33, 2874, -657)
(33, 495, 302)
(33, 447, -544)
(34, 983, 180)
(34, 404, -829)
(34, 186, 182)
(34, 3262, -807)
(34, 1217, -779)
(34, 536, -710)
(34, 851, -696)
(34, 1414, -689)
(34, 579, -721)
(34, 1604, -952)
(34, 3147, -324)
(34, 915, -724)
(34, 1742, -688)
(34, 1934, 694)
(34, 735, -190)
(34, 1504, -852)
(34, 656, -703)
(34, 712, -854)
(34, 1318, -758)
(34, 830, -19)
(34, 585, -813)
(34, 1708, 10)
(34, 1732, -564)
(34, 1817, -818)
(34, 1979, -950)
(34, 834, -988)
(34, 3240, -499)
(34, 618, -820)
(36, 3370, -808)
(36, 3143, -681)
(36, 3413, -323)
(36, 3856, -758)
(36, 1536, -517)
(36, 2934, -628)
(36, 780, -109)
(36, 1347, -524)
(36, 1474, -218)
(36, 99, -803)
(36, 2913, 706)
(36, 996, 852)
(36, 831, 202)
(36, 8, -157)
(36, 3000, -1022)
(36, 788, -873)
(36, 3232, -379)
(36, 1189, -858)
(36, 1545, -844)
(36, 1091, 500)
(36, 1838, -723)
(36, 97, 129)
(36, 624, -640)
(36, 1921, -219)
(36, 114, 589)
(36, 769, -867)
(36, 393, -535)
(36, 2820, 857)
(36, 591, 859)
(36, 104, -575)
(36, 2748, -888)
(36, 3777, -1016)
(36, 1688, 976)
(36, 1325, -673)
(36, 1652, -400)
(36, 1963, 195)
(36, 1312, -940)
(36, 570, -5)
(36, 1812, -964)
(36, 1839, -658)
(36, 1097, -703)
(36, 2376, -306)
(36, 809, -171)
(36, 3395, -764)
(36, 3492, -842)
(36, 1217, -799)
(36, 1992, 358)
(36, 3966, -959)
(36, 71, -683)
(36, 1393, -706)
(36, 2712, -109)
(36, 1443, -238)
(36, 821, -802)
(36, 3271, 916)
(36, 1404, -668)
(36, 3164, -710)
(36, 1595, -814)
(36, 207, -567)
(36, 1353, -70)
(36, 3766, -979)
(36, 3155, -552)
(36, 643, 13)
(36, 1708, -23)
(36, 1746, 583)
(36, 1577, 86)
(36, 301, -641)
(36, 1567, -867)
(36, 3610, -750)
(36, 2328, -777)
(36, 805, -705)
(36, 2942, -742)
(36, 605, 225)
(36, 1797, 405)
(36, 3259, -367)
(36, 110, -763)
(36, 559, -569)
(36, 1070, -366)
(36, 831, -548)
(36, 3494, -556)
(36, 688, -424)
(36, 70, -300)
(36, 1575, -766)
(36, 112, -378)
(36, 1537, -965)
(36, 1267, -595)
(36, 1688, -572)
(36, 1845, -819)
(36, 1673, -617)
(36, 1597, -656)
(36, 315, -780)
(37, 1101, -987)
(37, 1806, -628)
(37, 3184, -743)
(37, 2161, -624)
(37, 1297, -626)
(37, 91, 825)
(37, 767, -26)
(37, 3705, 960)
(37, 797, -812)
(37, 3822, -802)
(37, 2519, -459)
(37, 819, -721)
(37, 1332, -776)
(37, 812, -638)
(37, 1595, 854)
(37, 415, -976)
(37, 632, -586)
(37, 2513, -767)
(37, 1570, -552)
(37, 1780, -716)
(37, 1874, -155)
(37, 1070, -896)
(37, 748, -790)
(37, 600, -344)
(37, 162, 971)
(37, 3594, -883)
(37, 668, 374)
(37, 1517, 824)
(37, 1619, -690)
(37, 1408, -947)
(37, 1809, -608)
(37, 1294, 625)
(37, 2930, 101)
(37, 953, -615)
(37, 3919, 42)
(37, 204, -518)
(37, 267, -750)
(37, 1692, -846)
(37, 2545, -669)
(37, 618, -821)
(37, 3772, -364)
(37, 1634, -902)
(37, 1873, -235)
(37, 3282, -866)
(37, 935, -615)
(37, 933, 673)
(37, 2256, -897)
(37, 221, -637)
(37, 818, -5)
(37, 895, -101)
(37, 568, -773)
(37, 1489, 926)
(37, 970, -911)
(37, 138, 811)
(37, 1902, -525)
(38, 1584, -330)
(38, 2843, -939)
(38, 1755, -1021)
(38, 183, 746)
(38, 923, -886)
(38, 295, -149)
(38, 541, 183)
(38, 259, -898)
(38, 1976, -528)
(38, 3640, -537)
(38, 3127, 510)
(38, 3261, -868)
(38, 252, 649)
(38, 746, -863)
(38, 1489, -954)
(38, 1555, -572)
(38, 2838, -673)
(38, 1222, -639)
(38, 3085, -963)
(38, 2260, -510)
(38, 3749, -768)
(38, 1294, 126)
(38, 333, -898)
(38, 2666, -353)
(38, 2811, 1016)
(38, 2132, -921)
(38, 989, -632)
(38, 1873, -729)
(38, 993, 921)
(38, 1460, 939)
(38, 693, -726)
(38, 1359, -762)
(38, 1046, -969)
(38, 269, 658)
(38, 2835, 434)
(38, 1007, 317)
(38, 1885, -876)
(38, 2745, -900)
(38, 3919, 65)
(38, 1287, -678)
(38, 96, -208)
(38, 905, 444)
(38, 3227, 874)
(38, 764, -597)
(38, 1297, -921)
(38, 1911, -1021)
(38, 2898, 830)
(38, 1170, -613)
(39, 2806, -973)
(39, 1416, -623)
(39, 1269, 876)
(39, 563, -208)
(39, 1009, 973)
(39, 526, -570)
(39, 1836, 924)
(39, 3904, -852)
(39, 1712, 634)
(39, 1665, 257)
(39, 3849, -591)
(39, 3945, -205)
(39, 952, -722)
(39, 1692, -628)
(39, 480, -595)
(39, 704, 694)
(39, 1805, -738)
(39, 1117, -693)
(39, 928, -834)
(39, 175, 416)
(39, 155, -540)
(39, 1289, -648)
(39, 2100, -868)
(39, 271, -525)
(39, 3312, -96)
(39, 2577, -293)
(39, 1483, -873)
(39, 3692, 1014)
(39, 1295, 157)
(39, 937, -581)
(39, 1722, -627)
(39, 1306, -993)
(39, 827, -237)
(39, 328, 954)
(39, 1552, 810)
(39, 3144, -721)
(39, 623, -786)
(39, 1624, -675)
(39, 3128, -227)
(39, 287, -724)
(39, 1523, -957)
(39, 3091, 396)
(39, 1953, -516)
(39, 1534, -579)
(39, 534, -111)
(39, 889, -838)
(39, 754, -591)
(39, 3615, -869)
(39, 1923, -876)
(39, 3127, -32)
(39, 1016, -67)
(39, 183, -586)
(39, 1131, -921)
(39, 1340, -742)
(39, 73, -766)
(39, 2520, -68)
(39, 1394, -733)
(39, 913, 906)
(39, 3256, -915)
(39, 1409, -707)
(39, 110, 781)
(39, 108, -799)
(39, 1556, -253)
(39, 476, -525)
(39, 1075, -652)
(39, 2532, -862)
(39, 2047, -674)
(39, 1273, -545)
(39, 2793, 753)
(39, 547, -199)
(39, 1232, 610)
(39, 3110, -772)
(39, 1555, -3)
(39, 1409, -796)
(39, 1994, -711)
(39, 1767, -935)
(39, 1814, -595)
(39, 1565, -614)
(39, 1910, -951)
(39, 1475, 222)
(39, 780, -382)
(39, 1391, -882)
(39, 308, -672)
(39, 2557, 44)
(39, 2729, 319)
(39, 3721, -861)
(39, 1823, -389)
(39, 688, -844)
(39, 998, -1020)
(39, 1644, -974)
(39, 1510, 801)
(39, 1107, -961)
(39, 1456, 575)
(39, 1529, 904)
(39, 1614, 284)
(39, 249, 970)
(39, 586, 532)
(39, 90, -978)
(39, 1141, -728)
(39, 970, -598)
(39, 2343, -849)
(39, 3345, -624)
(39, 1352, -748)
(39, 108, -878)
(39, 2583, 482)
(39, 2430, -696)
(39, 262, -33)
(39, 1145, -1012)
(39, 3959, -970)
(39, 2727, -475)
(39, 2787, 232)
(39, 1703, -777)
(39, 228, -180)
(39, 2147, -741)
(39, 2133, 35)
(39, 3776, -926)
(39, 458, -825)
(39, 1292, -876)
(39, 425, -978)
(39, 862, 683)
(39, 2106, -526)
(39, 2142, -640)
(39, 3022, -747)
(39, 2626, -603)
(39, 785, -615)
(39, 1222, -337)
(39, 949, -3)
(39, 1564, -564)
(39, 495, 401)
(39, 2000, -852)
(39, 345, -516)
(39, 598, -828)
(39, 474, -596)
(39, 3555, -835)
(39, 2212, -697)
(39, 871, -911)
(39, 3532, -814)
(39, 758, -622)
(39, 1251, -1015)
(39, 1120, 818)
(39, 3913, -33)
(39, 2381, -830)
(39, 136, -550)
(39, 227, -847)
(39, 955, 502)
(39, 3034, -791)
(39, 2878, -318)
(39, 2721, 468)
(39, 2521, -615)
(39, 996, -861)
(39, 3605, 598)
(39, 1403, -922)
(39, 231, -994)
(39, 507, -541)
(39, 1575, -791)
(39, 2272, -777)
(39, 1266, -868)
(39, 2059, 472)
(39, 1252, 750)
(39, 1856, 538)
(39, 830, -740)
(39, 1789, 351)
(39, 849, -728)
(39, 2600, -642)
(39, 3795, -1008)
(39, 3968, 592)
(39, 1876, -566)
(39, 1368, -828)
(39, 1952, -903)
(39, 1342, -848)
(39, 3918, -524)
(39, 2776, -961)
(39, 1751, -655)
(39, 562, -873)
(39, 111, 604)
(39, 921, -813)
(40, 3759, 595)
(40, 1741, -521)
(40, 3089, -677)
(40, 3660, -289)
(40, 1010, -605)
(40, 2901, -971)
(40, 767, -871)
(40, 646, 820)
(40, 1348, -604)
(40, 1205, -979)
(40, 3756, -742)
(40, 3200, -768)
(40, 2351, -708)
(40, 198, -932)
(40, 1736, -623)
(40, 2089, -38)
(40, 549, 844)
(40, 67, 868)
(40, 277, -795)
(40, 892, -960)
(40, 1713, 794)
(40, 400, -574)
(40, 1478, -806)
(40, 1651, -689)
(40, 1592, -592)
(40, 2220, -770)
(40, 3138, 771)
(40, 18, -984)
(40, 1543, -932)
(40, 1210, -681)
(40, 3363, -858)
(40, 248, -629)
(40, 1805, -647)
(40, 2179, 27)
(40, 1630, -526)
(40, 3894, -904)
(40, 753, -222)
(40, 1092, -193)
(40, 346, -108)
(40, 2369, -780)
(40, 221, -773)
(40, 1461, -779)
(40, 342, -684)
(40, 876, -936)
(40, 3391, -937)
(40, 459, 938)
(40, 3610, 330)
(40, 1305, -528)
(40, 287, 793)
(40, 525, -839)
(40, 135, -607)
(40, 3348, -883)
(40, 1773, -619)
(40, 2229, -894)
(40, 1243, -749)
(40, 587, -814)
(40, 1962, -70)
(40, 227, -516)
(40, 1326, -678)
(40, 1500, -740)
(40, 859, -280)
(40, 349, 55)
(40, 383, -636)
(40, 747, -860)
(40, 3259, -539)
(40, 2580, -945)
(40, 746, -802)
(40, 891, 754)
(40, 440, -804)
(40, 374, -592)
(40, 1886, 973)
(40, 1765, -784)
(40, 3099, -930)
(40, 1100, -65)
(40, 1144, 285)
(40, 1430, -819)
(40, 2890, -697)
(40, 169, 904)
(40, 958, -280)
(40, 498, -1020)
(40, 3969, -858)
(40, 1447, 159)
(40, 704, -708)
(40, 936, -72)
(40, 591, -428)
(40, 3180, -873)
(40, 1311, -637)
(40, 1676, -318)
(40, 1890, -548)
(40, 1852, -373)
(40, 1459, -476)
(40, 218, -536)
(40, 155, 42)
(40, 1050, -149)
(40, 1752, -121)
(40, 530, -918)
(40, 526, -926)
(40, 149, -882)
(40, 992, 954)
(41, 2938, -693)
(41, 1963, -806)
(41, 739, -935)
(41, 231, -829)
(41, 455, -718)
(41, 3502, -581)
(41, 377, -923)
(41, 125, -970)
(41, 1983, -1007)
(41, 3181, 506)
(41, 61, 585)
(41, 1577, -900)
(41, 454, 337)
(41, 19, -870)
(41, 1507, 282)
(41, 2179, 171)
(41, 1659, -978)
(41, 355, -923)
(41, 1511, 663)
(41, 2525, 712)
(41, 1789, -796)
(41, 344, -744)
(41, 1731, -368)
(41, 1383, -774)
(41, 484, 305)
(41, 37, -990)
(41, 782, -898)
(41, 1187, -816)
(41, 3764, -981)
(41, 1168, 6)
(41, 1656, -795)
(41, 2710, -778)
(41, 405, -996)
(41, 3609, 283)
(41, 3815, -727)
(41, 788, -581)
(41, 1530, 590)
(41, 2066, -532)
(41, 2855, -824)
(41, 1583, -650)
(41, 1023, -150)
(41, 3706, -673)
(41, 1760, -32)
(41, 92, 646)
(41, 220, 1002)
(41, 2768, -635)
(41, 1841, -314)
(41, 443, -761)
(41, 2025, -614)
(41, 634, -373)
(41, 867, 288)
(41, 1238, -852)
(41, 3562, -105)
(41, 3692, -79)
(41, 1042, -426)
(41, 271, 116)
(41, 680, -745)
(41, 475, -822)
(41, 1380, -986)
(41, 851, -827)
(41, 577, -1006)
(41, 1899, -242)
(41, 1830, -792)
(41, 421, -887)
(41, 1337, -545)
(41, 1217, 305)
(41, 3429, -530)
(41, 1650, -708)
(41, 3505, -852)
(41, 1490, -734)
(41, 1510, 354)
(41, 1635, 139)
(41, 1880, -806)
(41, 1402, 197)
(41, 68, -817)
(41, 1039, -990)
(41, 2652, -690)
(41, 1576, -260)
(41, 1305, -532)
(41, 997, -416)
(41, 1109, -694)
(41, 1419, 43)
(41, 1215, -545)
(41, 575, -945)
(41, 1409, -916)
(41, 1917, -445)
(41, 335, -439)
(41, 1650, -1002)
(41, 169, 957)
(41, 594, -425)
(41, 403, -999)
(41, 269, -836)
(41, 1384, -249)
(41, 2136, -549)
(41, 2038, -745)
(41, 567, -810)
(41, 885, -806)
(41, 828, -948)
(41, 913, -946)
(41, 1300, -681)
(41, 1803, 447)
(41, 3394, -534)
(41, 1958, -519)
(41, 1817, -956)
(41, 3901, -211)
(41, 3554, -342)
(41, 1149, 853)
(41, 3319, -650)
(41, 1892, -367)
(41, 3219, 368)
(41, 418, -752)
(41, 910, -986)
(41, 3863, -706)
(41, 798, -633)
(41, 1541, -561)
(41, 1311, -708)
(41, 928, -735)
(41, 492, -934)
(41, 820, -1004)
(41, 1627, -422)
(41, 708, -584)
(41, 156, -979)
(41, 1268, -940)
(41, 3575, 594)
(41, 845, -431)
(41, 3117, -154)
(41, 3463, -1015)
(41, 387, -641)
(41, 3403, -907)
(41, 833, -708)
(41, 1626, -545)
(41, 3518, -866)
(41, 467, -696)
(41, 657, -528)
(41, 2166, 910)
(41, 571, 884)
(41, 2101, -701)
(41, 1338, -723)
(41, 967, -855)
(41, 1809, 73)
(41, 622, -517)
(41, 1106, -635)
(41, 242, -536)
(41, 3961, -400)
(41, 708, -939)
(41, 3584, -950)
(41, 782, -931)
(41, 861, -632)
(41, 242, 855)
(41, 1253, -785)
(41, 1870, -913)
(41, 2016, -613)
(41, 525, 139)
(41, 1884, -814)
(41, 2978, -891)
(41, 1788, -685)
(41, 1791, -98)
(41, 3663, -589)
(41, 1188, -31)
(41, 802, 261)
(41, 1956, -913)
(41, 1610, -985)
(41, 1534, -833)
(41, 148, -362)
(41, 1479, -555)
(41, 935, -587)
(41, 1892, 438)
(41, 3751, -625)
(41, 836, -528)
(41, 766, 402)
(41, 110, -626)
(41, 3816, -236)
(41, 1673, -591)
(41, 2542, -724)
(41, 29, -606)
(41, 2558, -785)
(41, 1478, -322)
(41, 1096, 443)
(41, 474, -174)
(41, 1786, -855)
(41, 1263, 802)
(42, 1729, -607)
(42, 813, -990)
(42, 379, -853)
(42, 240, -419)
(42, 266, -922)
(42, 2093, -407)
(42, 1133, 130)
(42, 873, -919)
(42, 974, -627)
(42, 1631, -146)
(42, 324, -797)
(42, 168, 551)
(42, 1905, -960)
(42, 483, -927)
(42, 1200, 912)
(42, 138, 611)
(42, 982, -847)
(42, 1389, -979)
(42, 525, -949)
(42, 1279, -558)
(42, 647, 336)
(42, 57, -1001)
(42, 1589, 489)
(42, 260, 504)
(42, 838, -527)
(42, 2867, -624)
(42, 149, -962)
(42, 661, 678)
(42, 1139, -600)
(42, 2073, 447)
(42, 62, -761)
(42, 1768, 525)
(42, 615, -916)
(42, 1554, -529)
(42, 2866, -968)
(42, 3876, -840)
(42, 679, -846)
(42, 1187, -515)
(42, 3062, 865)
(42, 418, -251)
(42, 1730, -1016)
(42, 630, -826)
(42, 2626, 401)
(42, 825, -732)
(42, 3415, 746)
(42, 786, -862)
(42, 1860, 141)
(42, 592, 435)
(42, 1649, 704)
(42, 258, -909)
(43, 1620, -495)
(43, 305, -591)
(43, 3400, -537)
(43, 295, -833)
(43, 680, -853)
(43, 291, -984)
(43, 751, 485)
(43, 3868, -646)
(43, 44, -825)
(43, 1980, -933)
(43, 1322, -895)
(43, 336, -919)
(43, 1715, -895)
(43, 866, -734)
(43, 1834, -582)
(43, 386, 716)
(43, 3691, -897)
(43, 2697, 757)
(43, 816, -554)
(43, 2177, 355)
(43, 291, -365)
(43, 276, -941)
(43, 862, -767)
(43, 3729, 311)
(43, 3377, -935)
(43, 2061, -825)
(43, 1630, -891)
(43, 3043, -586)
(43, 1426, 18)
(43, 1719, 682)
(43, 206, 481)
(43, 3132, 1017)
(43, 297, -785)
(43, 636, -854)
(43, 77, -479)
(43, 3750, -703)
(43, 3961, -513)
(43, 3800, -458)
(43, 1251, -513)
(43, 1640, -942)
(43, 2374, -987)
(43, 202, -883)
(43, 1418, 752)
(43, 3149, 814)
(43, 26, 598)
(43, 1789, -975)
(43, 694, -898)
(43, 1778, -685)
(43, 1975, -640)
(43, 3960, -493)
(43, 3794, -989)
(43, 553, -698)
(43, 740, 703)
(43, 623, 429)
(43, 89, 575)
(43, 131, -1001)
(43, 363, -912)
(43, 840, -559)
(43, 1173, -971)
(43, 1053, -780)
(43, 1265, -734)
(43, 306, -868)
(43, 341, 185)
(43, 560, -979)
(43, 1078, 745)
(43, 165, -731)
(43, 307, -865)
(43, 1078, -152)
(43, 246, -588)
(43, 1132, 468)
(43, 1422, 737)
(43, 716, -878)
(43, 1827, -246)
(43, 1854, -569)
(43, 1974, 895)
(43, 240, 472)
(43, 901, -924)
(43, 1633, -807)
(43, 1806, -403)
(43, 543, -19)
(43, 2166, 790)
(43, 3047, -1014)
(43, 2357, 81)
(43, 1683, 346)
(43, 481, 626)
(43, 127, -987)
(43, 480, -754)
(43, 1937, -620)
(43, 1723, -552)
(43, 1437, -889)
(43, 3871, -1003)
(43, 3027, 760)
(43, 98, -361)
(43, 3249, -572)
(43, 2063, 851)
(43, 1026, -555)
(43, 3049, 286)
(43, 1690, -621)
(43, 2342, -547)
(43, 2322, 303)
(43, 1930, -649)
(43, 1682, -543)
(43, 349, -997)
(43, 2842, 580)
(43, 1118, -712)
(43, 1305, 583)
(43, 917, -191)
(43, 1584, -514)
(43, 2562, 700)
(43, 1544, -875)
(43, 3346, 862)
(43, 1892, -884)
(43, 1643, 852)
(43, 1032, 270)
(43, 1173, 975)
(43, 1093, -518)
(43, 681, -571)
(43, 1958, -261)
(43, 62, -253)
(43, 1057, 956)
(43, 730, 615)
(43, 2729, -579)
(43, 2101, -536)
(43, 2778, -987)
(43, 1291, -696)
(43, 1022, -504)
(43, 3835, 74)
(43, 1899, -842)
(43, 756, -763)
(43, 1535, 733)
(43, 1246, 327)
(43, 1062, -183)
(43, 1752, -376)
(43, 172, -270)
(43, 859, -918)
(43, 818, -646)
(43, 1882, -998)
(43, 449, -957)
(43, 1684, 358)
(43, 271, -775)
(43, 1140, -774)
(43, 2536, -965)
(43, 717, 257)
(43, 297, -544)
(43, 146, -538)
(43, 1237, -961)
(43, 1398, -213)
(43, 493, -804)
(43, 661, -564)
(43, 1, -8)
(44, 3489, -901)
(44, 1668, 348)
(44, 617, -800)
(44, 2755, 727)
(44, 1499, -858)
(44, 1882, -538)
(44, 869, 156)
(44, 1912, -988)
(44, 870, -927)
(44, 1965, -920)
(44, 184, 660)
(44, 2384, 825)
(44, 1912, -952)
(44, 2984, -526)
(44, 882, 767)
(44, 654, -708)
(44, 1299, 600)
(44, 1051, -570)
(44, 2898, -858)
(44, 1360, 77)
(44, 1973, 386)
(44, 1041, -704)
(44, 615, -942)
(44, 497, 937)
(44, 1366, 305)
(44, 2949, -761)
(44, 977, 771)
(44, 260, -830)
(44, 869, -858)
(44, 1494, 717)
(44, 970, -657)
(44, 1032, -679)
(44, 3634, -558)
(44, 217, 780)
(44, 1112, -685)
(44, 3771, -742)
(44, 2489, 593)
(44, 1263, -713)
(44, 1208, -305)
(44, 1610, -781)
(44, 655, -1022)
(44, 1550, -610)
(44, 446, -940)
(44, 2308, -532)
(44, 567, -952)
(44, 2712, 691)
(44, 1704, 701)
(44, 810, -647)
(44, 1826, 425)
(44, 505, -836)
(44, 963, -681)
(44, 1550, -355)
(44, 27, -33)
(44, 568, 340)
(44, 3676, -50)
(44, 1844, -772)
(44, 776, -684)
(44, 759, -596)
(44, 945, -738)
(44, 1230, -596)
(44, 1558, -630)
(44, 2386, -906)
(44, 2435, -762)
(44, 943, -654)
(44, 1029, -254)
(44, 577, -578)
(44, 2092, -627)
(44, 1227, -621)
(44, 2831, 397)
(44, 1898, -851)
(44, 1461, -456)
(44, 1121, -604)
(44, 3129, -611)
(44, 1328, -699)
(44, 1842, -784)
(44, 99, -939)
(44, 1732, 90)
(44, 3219, -459)
(44, 546, -565)
(44, 1081, -243)
(44, 1563, -1021)
(44, 306, -804)
(44, 3652, -543)
(44, 641, -836)
(44, 1727, -886)
(44, 2388, -996)
(44, 214, -900)
(44, 266, -913)
(44, 1724, 249)
(44, 3375, -872)
(44, 1319, 158)
(44, 1257, -647)
(44, 3570, -523)
(44, 1453, -522)
(44, 1451, -891)
(44, 1099, -902)
(45, 1145, -679)
(45, 1126, -1022)
(45, 885, -681)
(45, 1000, -745)
(45, 624, -1006)
(45, 908, -536)
(45, 1100, 110)
(45, 959, 983)
(45, 415, -785)
(45, 2531, -70)
(45, 586, -722)
(45, 1590, -271)
(45, 2718, -961)
(45, 3531, -547)
(45, 3274, -796)
(45, 3859, -439)
(45, 223, -791)
(45, 3512, -632)
(45, 2364, -933)
(45, 337, -556)
(45, 1394, -743)
(45, 1841, -960)
(45, 857, -967)
(45, 3934, -515)
(45, 897, -838)
(45, 2823, 685)
(45, 2129, -607)
(45, 2638, -598)
(45, 1141, -1020)
(45, 205, 153)
(45, 702, -579)
(45, 1745, 676)
(45, 2616, -908)
(45, 48, 693)
(45, 1205, -92)
(45, 2261, -710)
(45, 3604, -652)
(45, 3307, -124)
(45, 3289, -377)
(45, 1247, 854)
(45, 610, -562)
(45, 1483, -655)
(45, 1932, -118)
(45, 555, -869)
(45, 243, -206)
(45, 1786, -897)
(45, 1663, -684)
(45, 554, -40)
(45, 228, -319)
(45, 1227, 460)
(45, 776, -761)
(45, 1321, -489)
(45, 1056, -594)
(45, 1998, -827)
(45, 3644, -520)
(45, 267, 474)
(45, 913, 58)
(45, 1091, -803)
(45, 1431, 570)
(45, 167, -573)
(45, 920, -962)
(45, 1850, -295)
(45, 772, -705)
(45, 3600, -832)
(45, 481, -658)
(45, 1959, 396)
(45, 297, -1002)
(45, 1541, -796)
(45, 1444, -848)
(45, 1787, -885)
(45, 3406, -658)
(45, 1374, -613)
(46, 500, 700)
(46, 1716, -614)
(46, 605, -617)
(46, 189, -714)
(46, 3121, -816)
(46, 1577, -606)
(46, 1480, -833)
(46, 2256, -164)
(46, 198, -941)
(46, 2800, -794)
(46, 1865, -584)
(46, 66, 7)
(46, 275, -783)
(46, 1647, 685)
(46, 1751, 1019)
(46, 1575, -556)
(46, 824, 44)
(46, 1122, -702)
(46, 315, 287)
(46, 82, -341)
(46, 779, -777)
(46, 2145, -752)
(46, 40, -1012)
(46, 1406, 13)
(46, 377, -728)
(46, 2342, 357)
(46, 1260, 160)
(47, 146, -524)
(47, 399, -854)
(47, 1359, -911)
(47, 650, -177)
(47, 3764, -659)
(47, 1308, -976)
(47, 501, -306)
(47, 3811, -868)
(47, 3887, -894)
(47, 2980, -601)
(47, 1549, -669)
(47, 1453, -903)
(47, 429, -878)
(48, 248, -729)
(48, 740, -652)
(48, 1197, -834)
(48, 615, -173)
(48, 1871, -561)
(48, 1377, -84)
(48, 230, -872)
(48, 3659, -740)
(48, 1652, -624)
(48, 551, -561)
(48, 1101, 488)
(48, 1906, -633)
(48, 69, 500)
(48, 1887, -924)
(48, 1653, 895)
(48, 1185, 932)
(48, 1003, -689)
(48, 3102, 782)
(48, 2088, -1005)
(48, 471, -518)
(48, 3382, 710)
(48, 18, 517)
(48, 2036, -805)
(48, 1337, 732)
(48, 2637, -1013)
(48, 179, -626)
(48, 1794, -876)
(48, 1760, 133)
(48, 1926, -714)
(48, 1297, -643)
(48, 891, -527)
(48, 1471, -515)
(48, 1421, -844)
(48, 3546, 156)
(48, 2005, -554)
(48, 1415, -610)
(48, 3022, -860)
(48, 3048, 144)
(48, 72, -987)
(48, 1722, -564)
(48, 2935, 922)
(48, 175, -817)
(48, 2390, -944)
(48, 3038, -373)
(48, 1566, -513)
(48, 1440, -608)
(48, 1356, -528)
(48, 819, -764)
(48, 3148, -528)
(48, 889, -872)
(48, 384, -824)
(48, 1148, -760)
(48, 206, -551)
(48, 1438, 123)
(48, 84, -970)
(48, 1855, -188)
(48, 1207, 267)
(48, 114, 689)
(48, 1085, 220)
(48, 631, -733)
(48, 3052, -841)
(48, 747, -705)
(48, 1946, -832)
(48, 1038, -939)
(48, 2451, 611)
(48, 1886, 819)
(48, 891, -590)
(48, 438, -497)
(48, 972, -933)
(48, 1180, -912)
(48, 981, -89)
(48, 2481, 277)
(48, 960, 857)
(48, 408, -891)
(48, 956, 731)
(48, 2028, -823)
(48, 1769, 417)
(48, 1434, -610)
(48, 1880, -5)
(48, 789, -904)
(48, 627, -498)
(48, 3831, -954)
(48, 315, -1010)
(48, 979, 419)
(48, 3168, 349)
(49, 2419, -773)
(49, 1472, -680)
(49, 366, -996)
(49, 43, 318)
(49, 3367, -533)
(49, 710, -714)
(49, 407, -913)
(49, 844, 602)
(49, 471, 411)
(49, 1082, -636)
(49, 1198, 649)
(49, 931, -828)
(49, 521, -202)
(49, 1264, -930)
(49, 1344, -719)
(49, 123, -425)
(49, 1637, -840)
(49, 881, -980)
(49, 1982, -988)
(49, 941, -170)
(49, 1174, -851)
(49, 1714, -707)
(49, 482, -518)
(49, 1335, -806)
(49, 1040, -628)
(49, 560, -566)
(49, 1310, 649)
(49, 2594, 621)
(49, 1077, 945)
(49, 747, -426)
(49, 1187, -841)
(49, 3492, 146)
(49, 2933, -504)
(49, 328, -1022)
(49, 1447, -588)
(49, 913, -910)
(49, 1156, 51)
(49, 3060, -972)
(49, 1402, -904)
(49, 1934, -790)
(49, 1891, -734)
(49, 1786, 390)
(49, 2397, -950)
(49, 3388, -976)
(49, 1242, -347)
(49, 2681, -945)
(49, 631, -914)
(49, 68, -632)
(49, 2247, 685)
(49, 1196, -845)
(49, 1707, -977)
(49, 158, 754)
(49, 1192, 264)
(49, 3475, -946)
(49, 3810, -761)
(50, 1950, -839)
(50, 239, -536)
(50, 85, -332)
(50, 1210, -678)
(50, 151, -357)
(50, 583, -573)
(50, 999, -795)
(50, 3348, -852)
(50, 724, -643)
(50, 1876, -604)
(50, 802, 837)
(50, 1774, -887)
(50, 1182, -559)
(50, 1591, -532)
(50, 1274, -748)
(50, 333, -669)
(50, 1702, -68)
(50, 544, -709)
(50, 428, -774)
(50, 1219, -825)
(50, 1915, 934)
(50, 1212, -839)
(50, 2888, -791)
(50, 247, -988)
(50, 2509, 823)
(50, 29, -835)
(50, 1302, 636)
(50, 1572, 903)
(50, 846, -367)
(50, 1066, 985)
(50, 1085, 896)
(50, 3261, 434)
(50, 1058, 43)
(50, 700, 743)
(50, 2676, 185)